1.0 2.968437545197572e-16 -2.134689043081153e-16 
1.0 2.968437545197572e-16 1.7585957567050947e-16 
1.0 -0.0 0.0 
1.0 0.0 -0.0 
1.0 5.104267095627174e-16 6.719895130819801e-17 
1.0 5.13630256610929e-16 -6.76207059099993e-17 
1.0 -1.378404693370136e-16 2.968437545197572e-16 
1.0 1.7771559315012767e-16 2.9684375451975713e-16 
1.0 6.589033570406729e-17 5.004867901917181e-16 
1.0 -6.818222443418625e-17 5.178954104357087e-16 
1.0 0.0 0.0 
1.0 -0.0 -0.0 
1.0 -2.968437545197572e-16 -1.6651530683182106e-16 
1.0 -2.968437545197572e-16 1.5107234517662382e-16 
1.0 -5.062749050260027e-16 6.665235547561535e-17 
1.0 -4.75023632272504e-16 -6.253804774963704e-17 
1.0 0.0 0.0 
1.0 -0.0 -0.0 
1.0 1.3784046581044493e-16 -2.9684375451975723e-16 
1.0 -1.4257612199841716e-16 -2.968437545197572e-16 
1.0 -6.589033440135384e-17 -5.004867802966269e-16 
1.0 6.616060716187565e-17 -5.025397028621885e-16 
1.0 -0.0 0.0 
1.0 0.0 -0.0 
1.0 4.3701932342370324e-16 1.8101933127466867e-16 
1.0 4.3701932247323175e-16 1.8101932988140998e-16 
1.0 4.0844302188566243e-16 3.1340935490672703e-16 
1.0 3.1340935306833604e-16 4.084430226625954e-16 
1.0 3.2476677141925917e-16 3.247667720317634e-16 
1.0 1.9306538322398813e-16 4.661010683013485e-16 
1.0 2.0203072557459814e-16 4.324840264114122e-16 
1.0 -0.0 0.0 
1.0 0.0 -0.0 
1.0 -0.0 -0.0 
1.0 0.0 0.0 
1.0 -0.0 0.0 
1.0 -2.0727996754697651e-16 5.00418107496031e-16 
1.0 -1.6409717987419915e-16 4.729230822549255e-16 
1.0 -3.312413468438844e-16 4.316821261402912e-16 
1.0 -4.0213184920937614e-16 3.0856661937152514e-16 
1.0 -1.0908368825198023e-16 3.1071677577021153e-16 
1.0 -3.1996230887534946e-16 9.983815415411556e-17 
1.0 -4.650151659452669e-16 1.92615587742324e-16 
1.0 -4.573466850770146e-16 1.7960510751184176e-16 
1.0 -0.0 -0.0 
1.0 -0.0 0.0 
1.0 -0.0 -0.0 
1.0 -0.0 -0.0 
1.0 -4.601251049970502e-16 -1.9059005939766902e-16 
1.0 -4.374020986335617e-16 -1.5088141527889185e-16 
1.0 -3.958593787796375e-16 -3.0375358590857346e-16 
1.0 -3.153763752170627e-16 -4.1100649584616335e-16 
1.0 -3.3425173093809006e-16 -8.554873313574708e-17 
1.0 -1.137082381114625e-16 -3.0609222502905005e-16 
1.0 -1.9306537914949466e-16 -4.661010584646511e-16 
1.0 -1.962367457036438e-16 -4.542094926826786e-16 
1.0 -0.0 -0.0 
1.0 -0.0 -0.0 
1.0 -0.0 -0.0 
1.0 -0.0 -0.0 
1.0 1.9261558720034538e-16 -4.650151616909679e-16 
1.0 3.1086008578857265e-16 -4.051207497315603e-16 
1.0 1.9639295039045894e-16 -4.503929311582661e-16 
1.0 4.0048910512028087e-16 -3.0730609757315933e-16 
1.0 1.124323024810815e-16 -3.073681615052134e-16 
1.0 3.2764433341548944e-16 -9.215612960213316e-17 
1.0 4.661010655454402e-16 -1.9306538214753028e-16 
1.0 4.599349511204488e-16 -1.824142766121728e-16 
1.0 0.0 -0.0 
1.0 -0.0 -0.0 
1.0 -0.0 -0.0 
1.0 0.0 0.0 
