0.9465802860862026 0.24773520937833027 0.20642923249200393 
0.9465802848019033 0.24773520904220855 -0.20642923878453137 
0.946580286168631 0.20642923461356327 0.2477352072955543 
0.9465802844551697 -0.20642924300880336 0.24773520684711414 
0.9465802844551697 -0.24773520684711414 0.2064292430088034 
0.9465802847228197 -0.24773520691716241 -0.2064292416974303 
0.9465802847228199 -0.20642924169743046 -0.24773520691716241 
0.9465802848843317 0.20642924090609055 -0.2477352069594326 
-0.08758609325201608 0.987134398167332 0.13376978815737425 
-0.08758609326286201 0.9871343982895703 -0.13376978724823294 
-0.14596065676850573 0.9702814578651777 0.19300098237763466 
-0.14596065662402258 0.9702814581017322 -0.19300098129766322 
-0.08764581461963974 0.1286646188996343 0.987807484798061 
-0.08758609323949229 -0.13376978818681345 0.9871343981644536 
-0.15061963645008647 0.1928646898273642 0.9695962750204016 
-0.14596065677034148 -0.19300098237758184 0.9702814578649119 
-0.08764581461536902 -0.9878074847499281 0.12866461927207853 
-0.08758609324290426 -0.9871343982029078 -0.1337697879008125 
-0.1506196363545205 -0.9695962750346823 0.1928646898302048 
-0.1459606569730711 -0.9702814578103577 -0.19300098249852635 
-0.08764581460625555 -0.1286646200668532 -0.9878074846472151 
-0.08764581460866346 0.1286646198568625 -0.9878074846743533 
-0.1506196359932974 -0.1928646896473832 -0.969596275127161 
-0.15061963665466388 0.1928646909381369 -0.9695962747676757 
0.7695504868586855 0.6106796240614872 0.18671487603209488 
0.7695504864426005 0.6106796237313014 -0.18671487882692506 
0.779261159987014 0.5910190268471535 0.20844316837051083 
0.7792611578507539 0.5910190298826944 -0.20844316774991942 
0.589900177149349 0.7976086778696168 0.12584982314746768 
0.5888933950218836 0.7962473998217428 -0.13854474936537003 
0.635929298423998 0.7455794102287766 0.19926181382510585 
0.6308771469734381 0.7497777701373848 -0.19956783517006366 
0.4466761273271922 0.8821972309993931 0.14902510826362628 
0.44667612732727024 0.8821972309995472 -0.14902510826248053 
0.4713671484996796 0.8661242582952714 0.16625817425843156 
0.4816245074611075 0.8590369857053156 -0.17347417964403522 
0.33872957833011247 0.9279389690412821 0.15553630604751628 
0.33872957834008366 0.9279389690685979 -0.15553630586283348 
0.3875839961747628 0.9030046234846362 0.18536800121534466 
0.3875839962403509 0.903004623464538 -0.18536800117611316 
0.2524816646603359 0.9569650921033247 0.14307627862794292 
0.25249713782021344 0.9570237390307648 -0.14265608407696728 
0.3029950379632587 0.9366138567051207 0.17592183036110998 
0.3025685900199405 0.9367066804867248 -0.17616141196325044 
0.1780312004448859 0.973473445372793 0.14371618844854112 
0.17804065731681992 0.973525155486981 -0.14335374420029687 
0.2121014776411561 0.9630498226554269 0.1659759086909568 
0.2114681305781612 0.9633024040691348 -0.16531699266682498 
0.1106089588361401 0.983068803414897 0.1460869124103447 
0.11060895883623038 0.9830688034156994 -0.14608691240487756 
0.14054292041655428 0.9764251648095629 0.16383401675904857 
0.14019526324689163 0.9765096048356954 -0.1636284810990094 
0.04630003456884543 0.9874986372531899 0.15067431175225787 
0.046294808109540786 0.9873871660309961 -0.15140467330759275 
0.07418277911987166 0.9831382365318644 0.1671410277312794 
0.07337917871120994 0.9831201826003368 -0.16760132068557393 
-0.018344564496045664 0.9880811467933204 0.15283692062144957 
-0.018341811606752464 0.987932869737716 -0.15379279189475545 
0.011780568559448515 0.9853196507213654 0.17031266572613613 
0.011115851996680505 0.9852118960042435 -0.17097940754989036 
-0.02809295887717483 0.9869138684398951 0.15878224693751763 
-0.027244807020955348 0.9868810394738169 -0.15913369981707035 
-0.018373504049235805 0.14239120015074153 0.9896399145490161 
-0.01834456420467777 -0.15283692052425166 0.9880811468137646 
-0.035444282441903854 0.15278288989415217 0.9876239625473705 
-0.02809295897050819 -0.15878224696877274 0.9869138684322096 
0.04630402763349957 0.15011397358517156 0.9875837847794923 
0.04630003539189745 -0.1506743114512745 0.9874986372605247 
0.01813527379883081 0.16642755796909972 0.985886900101976 
0.011780568756732659 -0.1703126661773023 0.9853196506410224 
0.11080942686073736 0.13338196323689058 0.9848505078446513 
0.11060896021011381 -0.1460869135548457 0.9830688030902295 
0.06680946241581538 0.16212240965870578 0.9845063839397714 
0.07418278148604367 -0.16714102830644534 0.983138236255542 
0.17817827720124793 0.1379694372098159 0.9742776482756862 
0.17803120252979035 -0.1437161888033362 0.9734734449391214 
0.14754351387091064 0.156003777945521 0.9766748347230767 
0.14054292091857468 -0.1638340173957273 0.9764251646304757 
0.2521305266716658 0.15229413589738766 0.9556341840325389 
0.2524816676806532 -0.14307627863643274 0.9569650913051876 
0.22440197283395766 0.16779224730662984 0.9599424546982065 
0.21210147930551765 -0.16597590953135632 0.9630498221440311 
0.3392315949681405 0.14593495734182133 0.9293142166140644 
0.33872958184995183 -0.15553630717664677 0.927938967567161 
0.29040543129527957 0.17501060051992198 0.9407635065093986 
0.30299504169675345 -0.1759218312280344 0.936613855334501 
0.4475888789305232 0.1349381994517826 0.883999930874674 
0.4466761309461045 -0.1490251071893315 0.8821972293485323 
0.3827972993190398 0.17425697098970178 0.9072489932182585 
0.38758399835424245 -0.18536800105825657 0.9030046225814157 
0.5879472441477389 0.1494783145179738 0.794968094698111 
0.5899001805972869 -0.1258498224033921 0.7976086754369733 
0.5157596332795455 0.19176520376277986 0.8349958726276245 
0.4713671498436732 -0.16625817162471473 0.8661242580693944 
0.7761964226511523 0.1346119151705198 0.6159535256475757 
0.7695504885205545 -0.1867148818845271 0.6106796201778991 
0.6427326566607177 0.20082434232297258 0.7392998820454401 
0.6359292994986784 -0.19926181148600935 0.7455794099372877 
0.8147486318590967 0.21021958840232982 0.5403632033509359 
0.7792611575667661 -0.20844316599230112 0.5910190308770182 
-0.13855920151389342 0.8234493824249001 0.550211288742682 
-0.06174742773043488 0.898452749437704 0.43470669674678936 
-0.15256581267107067 0.5490663448383368 0.8217358588803851 
-0.04573931459538661 0.6965145639871132 0.716083359151842 
-0.06260850692800833 0.42031960388385514 0.9052135689720767 
-0.018373504051653042 -0.9896399146792146 0.14239119924553156 
-0.018344564204830147 -0.9880811468219717 -0.152836920471174 
-0.03544428379570666 -0.9876239625338933 0.15278288966720163 
-0.02809295870825097 -0.9869138684733624 -0.15878224675938887 
0.04630402763349956 -0.9875837847794923 0.1501139735851715 
0.04630003539273482 -0.9874986372783848 -0.1506743113339645 
0.018135274069632536 -0.9858869001233167 0.16642755781317153 
0.011780568701092377 -0.9853196506562827 -0.17031266609286577 
0.11080942685595457 -0.9848505078021424 0.13338196355473553 
0.11060896021011385 -0.9830688030902295 -0.1460869135548458 
0.06680946281544306 -0.9845063838742271 0.1621224098920478 
0.07418278156816402 -0.983138236257344 -0.16714102825939872 
0.17817827715949341 -0.9742776480473727 0.13796943887598564 
0.1780312025248779 -0.9734734449122601 -0.14371618899136845 
0.1475435155116364 -0.9766748343026838 0.15600377902567877 
0.14054292096563936 -0.976425164619033 -0.1638340174235512 
0.25213052660202506 -0.9556341837685842 0.15229413766897745 
0.25248166768312086 -0.9569650913145404 -0.14307627856952188 
0.22440197414252586 -0.9599424541665209 0.16779224859835984 
0.21210147900552567 -0.9630498221975137 -0.16597590960439365 
0.3392315949681408 -0.9293142166140642 0.1459349573418218 
0.33872958185765584 -0.9279389675882647 -0.1555363070339634 
0.2904054305024015 -0.9407635066680666 0.17501060098267604 
0.3029950415631459 -0.9366138553946994 -0.17592183113765167 
0.4475888789573506 -0.8839999309276589 0.1349381990156847 
0.4466761309461045 -0.8821972293485323 -0.14902510718933143 
0.38279729925118733 -0.907248993255396 0.17425697094540374 
0.38758399840320734 -0.9030046225663951 -0.1853680010290475 
0.5879472442220075 -0.7949680947985303 0.14947831369179188 
0.5899001805997309 -0.797608675440278 -0.12584982237099163 
0.5157596338199378 -0.8349958723293771 0.19176520360802257 
0.47136715023949666 -0.8661242578006514 -0.1662581719025157 
0.7761964226817277 -0.6159535256718388 0.13461191488319327 
0.769550488589014 -0.6106796202322253 -0.18671488142468692 
0.642732657137744 -0.7392998819086614 0.20082434129979013 
0.6359292998685443 -0.745579409555325 -0.19926181173480234 
0.8147486320956782 -0.5403632026638645 0.21021958925150785 
0.7792611579380757 -0.5910190303433653 -0.20844316611728475 
-0.1385592019855883 -0.5502112887060174 0.823449382370028 
-0.06174742765600643 -0.4347066970572286 0.8984527492926165 
-0.15256581267107014 -0.8217358588803853 0.5490663448383368 
-0.0457393147528113 -0.7160833593292363 0.6965145637943969 
-0.06260850715415432 -0.9052135688001096 0.42031960422052367 
-0.0183735040525285 -0.14239119891768773 -0.9896399147263693 
-0.01837220451324641 0.1428770048004199 -0.9895699185002463 
-0.03544428493267176 -0.1527828900036818 -0.9876239624410369 
-0.03517250950009758 0.15290699359195015 -0.9876144722948003 
0.04630402763349959 -0.1501139735851715 -0.9875837847794923 
0.04627523100408905 0.15410907014551667 -0.9869696031258524 
0.01813527421327242 -0.1664275577304634 -0.9858869001346365 
0.020519893809639603 0.16878225984841858 -0.9854397407850478 
0.11080942686088582 -0.13338196322702517 -0.9848505078459707 
0.11073537855314923 0.13821371328597515 -0.9841923823096749 
0.06680946260768261 -0.16212240977073675 -0.9845063839083026 
0.06825786093863791 0.16658177789195242 -0.9836622264245172 
0.17817827716881804 -0.13796943850389834 -0.9742776480983595 
0.17816691054544884 0.13842225384724335 -0.9742154954765087 
0.1475435154760727 -0.15600377871742652 -0.9766748343572932 
0.1458124914315344 0.15791722374803324 -0.9766272921571679 
0.2521305266020251 -0.1522941376689779 -0.9556341837685842 
0.2522005407368696 0.1505022597321139 -0.9558995538588551 
0.2244019743908385 -0.16779224846091628 -0.9599424541324981 
0.22314030054638914 0.1666177064660366 -0.9604410164940193 
0.3392315949681405 -0.14593495734182288 -0.9293142166140642 
0.33923159496814004 0.14593495734182985 -0.9293142166140632 
0.2904054305024019 -0.17501060098267665 -0.9407635066680664 
0.29139938607432164 0.17443025582440236 -0.9405639178963553 
0.4475888789592475 -0.1349381989848518 -0.883999930931405 
0.4471618237561732 0.14170718187639894 -0.8831564855560436 
0.3827972992265521 -0.17425697092932158 -0.9072489932688793 
0.3880375501066328 0.17767995248207236 -0.9043542968290751 
0.5879472441961512 -0.14947831397942535 -0.7949680947635697 
0.5891606384943189 0.1352932584551386 -0.7966087347409376 
0.5157596339787043 -0.19176520373153788 -0.8349958722029438 
0.5084418167119776 0.1889938367735918 -0.8401001420546367 
0.7761964226561419 -0.13461191512363208 -0.6159535256515349 
0.7806747927623372 0.08220406238897726 -0.6195073527184574 
0.6427326574582686 -0.20082434184705183 -0.7392998814813448 
0.6389887286614827 0.18273228273265027 -0.7471963045217077 
0.8147486321588611 -0.2102195891233708 -0.5403632026184483 
0.8321690941004859 0.21083122108381613 -0.5128789282474799 
-0.13855920203994954 -0.8234493822625517 -0.5502112888531773 
-0.06174742751925835 -0.8984527495632383 -0.43470669651733107 
-0.1525658127660525 -0.5490663446224497 -0.8217358590070017 
-0.04573931452255272 -0.6965145638987603 -0.7160833592424324 
-0.06260850773803603 -0.42031960483414693 -0.9052135684748007 
-0.15256581301832345 0.5490663475438764 -0.8217358570081296 
-0.06260850656708145 0.42031960614744623 -0.9052135679459822 
-0.13881500464415525 0.8234195986862096 -0.5501913839611491 
-0.04575542289774424 0.6964948467290409 -0.7161015079968328 
-0.06173180830619179 0.8984340233734824 -0.4347476158510643 
0.19707579907830242 0.44364508072958214 0.8742655041588288 
0.21228446235955878 0.4358386463928464 0.8746313402520884 
0.13828503289800032 0.4059408135996127 0.9033766133404626 
0.08940985192008408 0.4334061355535791 0.8967524742336322 
0.057174991402911046 0.4674172310443294 0.8821860078696152 
0.007897081702639641 0.44613841792086034 0.8949291302419725 
0.03306171515120367 0.4688169482286146 0.882676380133098 
0.2880301785643911 0.4578512909207363 0.8410771734141763 
0.35104974501799996 0.4949415375842134 0.7948565599506442 
0.37530475492442356 0.4857564595113146 0.7894219422933155 
0.07983914266831366 0.8895397116473891 0.44982753661850056 
0.1200595692912133 0.875494356292174 0.4680762031145786 
0.14045996777607833 0.8785006894858378 0.45662625420057773 
0.20717778429342545 0.8802191535671823 0.42695621249577825 
0.28101193503354666 0.8673001689117948 0.41088040763009614 
0.23838820663589858 0.8655302307696487 0.4404866428857506 
0.015862971001944226 0.8941220855527608 0.4475422463609138 
-0.01878670915047246 0.8846742033003391 0.465831099835773 
-0.06018018723384268 0.8987246992808346 0.4343642019861594 
0.618772379177756 0.5156712501960877 0.5926245898441131 
0.59393774658038 0.5409406611484415 0.5955007592802106 
0.4678834083903131 0.46571826322950227 0.7511268970337567 
0.37305748493435514 0.7806053189468781 0.5014812548503641 
0.4150713972273833 0.7449886676952883 0.5222141516746814 
0.4904622404163271 0.7346897823827881 0.4686978924511274 
-0.05445270192147939 0.6971843860342498 0.7148208412766772 
-0.02172193271024972 0.45233197757555255 0.8915850714889305 
-0.05716768458308384 0.4198530056650488 0.9057898815251987 
0.71082150647818 0.5024786866901942 0.49218691099031514 
0.5461166015938541 0.6940958592723016 0.46902835266604614 
0.049900600616391136 0.8828357157972113 0.46702358502644054 
0.10164811494196667 0.6991793097576541 0.7076835122677052 
0.09279199005968451 0.696889162729413 0.7111505757932431 
0.040309582534681414 0.7227731859316723 0.6899087325538502 
0.1525326837872791 0.6657955489747082 0.7303766612797241 
0.1583440363887679 0.8722212627082956 0.4627712556108677 
0.19547191175868148 0.7063181618588545 0.6803715058273201 
0.1430756569546195 0.6660716441371287 0.7320368305375531 
0.1012343277232037 0.4343622839004196 0.8950312939865523 
-0.026842999075167066 0.7157350918722845 0.6978558100805805 
0.008833772553925062 0.7071152090666741 0.7070431709372909 
0.2520875090081356 0.47386904960256065 0.8437416735179311 
0.28656695961726697 0.7074131461465151 0.6461006255335194 
0.22432393448429908 0.6988329447090366 0.6791990045684554 
0.25704708458894704 0.7164685288951044 0.6485365397625701 
0.38612142137981087 0.7775629102123596 0.49629242248267375 
0.41452123244603445 0.5038988341152426 0.7577982005974412 
0.19707580014719908 -0.8742655029175325 0.4436450827009077 
0.2122844615798636 -0.8746313388775419 0.43583864953102297 
0.1382850326986585 -0.9033766127888293 0.40594081489511824 
0.08940985158070276 -0.8967524754232542 0.43340613316216764 
0.05717498776967457 -0.8821860076569767 0.4674172318900771 
0.007897080823791404 -0.8949291311222095 0.4461384161707099 
0.03306171565621168 -0.882676380205705 0.46881694805629787 
0.2880301804350231 -0.8410771720185025 0.45785129230780425 
0.3510497461165228 -0.7948565596337764 0.4949415373139353 
0.3753047554362598 -0.7894219424429181 0.4857564588727352 
0.07983914278844484 -0.4498275375812444 0.8895397111497612 
0.12005956948533092 -0.46807620578965325 0.8754943548353462 
0.14045996962929214 -0.45662625632545645 0.8785006880850674 
0.20717778631925302 -0.4269562117084186 0.880219153472276 
0.28101193805101665 -0.41088040738064735 0.8673001680522867 
0.23838820961302523 -0.44048664289219824 0.8655302299463938 
0.0158629713931759 -0.4475422461959607 0.8941220856283851 
-0.018786709743902393 -0.46583110005349426 0.8846742031730945 
-0.060180187748757386 -0.43436420243668794 0.8987246990286093 
0.6187723825691669 -0.5926245887880829 0.5156712473402335 
0.5939377469935389 -0.5955007592845344 0.5409406606900445 
0.4678834099143634 -0.7511268977731896 0.46571826050578274 
0.3730574902087977 -0.501481254439982 0.7806053166898205 
0.41507140132837356 -0.5222141507400296 0.7449886660655783 
0.4904622441982823 -0.4686978925055466 0.7346897798233235 
-0.05445270128827064 -0.7148208416090914 0.6971843857428826 
-0.02172193355258084 -0.8915850722940099 0.45233197594822144 
-0.05716768401963605 -0.9057898814402056 0.41985300592513275 
0.710821499975344 -0.49218691590045344 0.5024786910797331 
0.5461165980373137 -0.4690283516895158 0.6940958627304784 
0.04990059984553938 -0.46702358528283683 0.8828357157051475 
0.10164811366284425 -0.70768351447054 0.6991793077139874 
0.09279199060433735 -0.7111505772182172 0.6968891612027561 
0.040309581495572504 -0.6899087325145578 0.7227731860271299 
0.15253267876558738 -0.7303766626958288 0.6657955485717052 
0.15834403646617598 -0.4627712572605865 0.8722212618189575 
0.19547191343640993 -0.6803715044166668 0.70631816275338 
0.14307565759893504 -0.7320368309042202 0.6660716435957459 
0.10123433092180074 -0.8950312944880758 0.4343622821215198 
-0.026842999640438084 -0.697855811225922 0.7157350907343537 
0.00883376974642876 -0.7070431713128915 0.707115208726185 
0.25208750896909626 -0.8437416721832183 0.4738690519998349 
0.2865669622838445 -0.6461006248070605 0.7074131457298031 
0.22432393557304095 -0.6791990038860439 0.6988329450227915 
0.25704708663434067 -0.6485365385145165 0.7164685292909988 
0.3861214234282812 -0.4962924234232492 0.7775629085947943 
0.41452123364421695 -0.7577982007651288 0.503898832877404 
0.19707579985838553 -0.44364508253797863 -0.8742655030653146 
0.2122844615020076 -0.43583864927409466 -0.8746313390244688 
0.13828503270655382 -0.4059408147447772 -0.9033766128551779 
0.08940985180946866 -0.43340613277038526 -0.8967524755897961 
0.05717498895957805 -0.4674172305386505 -0.8821860082958981 
0.007897080526696595 -0.4461384158694412 -0.8949291312750192 
0.03306171432578099 -0.46881694685942626 -0.8826763808912338 
0.2880301804358131 -0.45785129229429317 -0.8410771720255868 
0.3510497460328496 -0.49494153708777244 -0.7948565598115579 
0.375304755487691 -0.4857564585701046 -0.7894219426046851 
0.07983914268800213 -0.8895397111785532 -0.4498275375421351 
0.12005956908290068 -0.8754943549823302 -0.4680762056179549 
0.14045996940319716 -0.8785006882170512 -0.45662625614108115 
0.20717778639074177 -0.8802191537095503 -0.4269562111845608 
0.2810119381589872 -0.8673001686192253 -0.41088040611009036 
0.23838820933909263 -0.8655302303776359 -0.44048664219308326 
0.015862971435256733 -0.894122085669653 -0.4475422461120222 
-0.01878670953230717 -0.8846742032257612 -0.46583109996200683 
-0.0601801879161127 -0.8987246992449385 -0.43436420196590364 
0.6187723822688317 -0.5156712477188099 -0.5926245887722518 
0.5939377470516503 -0.54094066079903 -0.5955007591275754 
0.46788340970121023 -0.4657182607274802 -0.7511268977685063 
0.37305749000980254 -0.7806053166807064 -0.5014812546022035 
0.4150714010433737 -0.7449886662032386 -0.5222141507701705 
0.4904622441176799 -0.7346897799039126 -0.46869789246356763 
-0.054452701426448306 -0.6971843858704424 -0.7148208414741529 
-0.02172193347283724 -0.4523319756153549 -0.8915850724648274 
-0.057167683215152726 -0.41985300639962747 -0.905789881271041 
0.7108215012304034 -0.5024786906220501 -0.49218691455513686 
0.546116598575987 -0.6940958621844933 -0.46902835187028846 
0.04990059995041447 -0.8828357157829921 -0.46702358512447806 
0.1016481136649419 -0.6991793076047147 -0.7076835145781982 
0.09279198959651991 -0.6968891608321481 -0.7111505777128945 
0.040309581476610734 -0.7227731849274995 -0.689908733667678 
0.1525326785219005 -0.6657955489600993 -0.730376662392669 
0.1583440364292534 -0.8722212618523895 -0.46277125721020806 
0.1954719133805799 -0.7063181631678171 -0.6803715040024647 
0.1430756576349698 -0.6660716439413499 -0.7320368305827163 
0.10123433109635385 -0.43436228172817726 -0.8950312946592233 
-0.02684299978445133 -0.7157350908280431 -0.697855811124293 
0.008833770885734171 -0.7071152084196417 -0.7070431716052318 
0.25208750904382915 -0.4738690520397712 -0.843741672138461 
0.28656696214511634 -0.7074131465964869 -0.6461006239196623 
0.22432393561108036 -0.6988329453818559 -0.6791990035040364 
0.25704708726286685 -0.7164685298729689 -0.6485365376224711 
0.3861214239944833 -0.7775629084168337 -0.49629242326155554 
0.4145212339182973 -0.503898832684647 -0.757798200743379 
0.19855977338428352 0.44361154671858183 -0.8739466871677753 
0.2110609442032171 0.4364544183629964 -0.874620385380689 
0.14242700593386207 0.4107097321782294 -0.9005731862957074 
0.08927013396693674 0.4362477623455519 -0.8953874764759802 
0.05719468673860974 0.4697037126120487 -0.880969460405598 
0.005475602155520563 0.44632214100219597 -0.8948556108290601 
0.03150086022042896 0.47066796664556965 -0.8817479010346992 
0.2863857049378875 0.4565767304350933 -0.8423306460247243 
0.3459535299142827 0.49093230154933976 -0.7995633998847843 
0.3716648333335001 0.47933582290228294 -0.7950486906760947 
0.08007060364781753 0.8894656585729498 -0.4499328179304803 
0.11967950470364197 0.8753495325715424 -0.4684442463951002 
0.14072552723046208 0.8784799171640638 -0.4565844512520417 
0.20679631433122872 0.8816660307820439 -0.4241465484287899 
0.28035113696163755 0.8677750737112028 -0.41032872364707035 
0.2396917971564786 0.865807370660221 -0.4392327848491414 
0.015579418841389716 0.8936268336308543 -0.44854025897733873 
-0.018948105491886177 0.8841469620693473 -0.46682450531416275 
-0.061204896710207554 0.8985247899431058 -0.43463451597450287 
0.6210302020621995 0.5078832579049334 -0.5969724319149541 
0.6282426773368207 0.5006574343803383 -0.5955277254438796 
0.4830821610629882 0.46005204235216596 -0.7449723108883404 
0.3723806635607444 0.777477814638958 -0.5068144523889285 
0.4137218330388952 0.745111343053818 -0.5231092919452609 
0.4783917609477171 0.7368143990367702 -0.47775083927652656 
-0.05411267613094731 0.6971181709394774 -0.7149112350690432 
-0.02229690545082358 0.4522977831284895 -0.8915882252387426 
-0.05789883687564517 0.4199164383155715 -0.9057140329711206 
0.6940632900195272 0.4843179998411788 -0.5326464347736778 
0.5522807545676257 0.6825111233555741 -0.4787113270334498 
0.0490823499915727 0.8825450144313233 -0.4676592995137809 
0.10135189612350841 0.699335867462172 -0.707571295088418 
0.09045348393190954 0.69666214294482 -0.7116741008580478 
0.03984473962843527 0.7215667583534906 -0.6911973741003199 
0.14729352150949443 0.6679469907203078 -0.729487104827095 
0.15473326171410448 0.8736289188162122 -0.46133516008139974 
0.19741647558320816 0.7064262161510777 -0.6796975329532801 
0.15090840074009745 0.6679146355558333 -0.7287775340914295 
0.10639269091223807 0.43870917092977507 -0.8923087238520995 
-0.027326137656055988 0.7150760573834621 -0.6985123580565528 
0.00866647252776082 0.7064775442037575 -0.7076823947151387 
0.25681167448372544 0.4703449240204124 -0.8442887043524255 
0.2950911362767044 0.7048737601958863 -0.6450381411034819 
0.22549384276273518 0.7013570823907486 -0.6762032016017311 
0.2537226752369881 0.7171716328551615 -0.6490682961741755 
0.3894966440910916 0.7741707232545101 -0.49895095500195846 
0.4242128260540969 0.5032247091578611 -0.7528667679637498 
