-0.980745343121633 -0.1507182680281918 -0.12418766294528921 
-0.9807453434829979 -0.15071826808372538 0.12418766002408965 
-0.980745343121633 -0.1241876629452893 -0.15071826802819174 
-0.980745343240907 0.12418766198110248 -0.1507182680465215 
-0.9807453432409068 0.15071826804652141 -0.12418766198110254 
-0.9807453432796324 0.15071826805247265 0.12418766166805432 
-0.9807453432795987 0.12418766166667035 0.1507182680538315 
-0.9807453434829643 -0.1241876600227057 0.1507182680850842 
0.08970798039937719 -0.9927029381393534 -0.08058135554928467 
0.08972353595901565 -0.9928750749959491 0.07841410936049507 
0.13616009716553956 -0.9822113832093887 -0.1293105820641533 
0.13773751496563294 -0.9819951687287746 0.12928211618177418 
0.08972353595910124 -0.07841410934840402 -0.9928750749968962 
0.08970798039894548 0.08058135560861758 -0.9927029381345761 
0.13773751493645492 -0.12928211612397694 -0.9819951687404762 
0.1361600970796329 0.12931058206569443 -0.9822113832210948 
0.0897235359591012 0.9928750749968962 -0.07841410934840402 
0.08970798039891854 0.9927029381342785 0.08058135561231264 
0.1377375149364549 0.9819951687404762 -0.129282116123977 
0.13616009705023083 0.9822113832251013 0.1293105820662219 
0.08972353592766191 0.07841410927872258 0.9928750750052405 
0.0897079803697367 -0.08058135523502094 0.9927029381675418 
0.13773751494235187 0.12928211612386994 0.9819951687396632 
0.1361600972472911 -0.1293105820372249 0.982211383201601 
-0.9011524479469754 -0.42431624074009405 -0.08876932692866653 
-0.9031922757029129 -0.4252767131297864 0.05816726209921568 
-0.9178270486188357 -0.37167681505516736 -0.1394627332805598 
-0.9238980540575471 -0.35664568717488637 0.1386226515697594 
-0.7737784988875863 -0.6264238441204337 -0.09412758456824621 
-0.7737784988875751 -0.6264238441204247 0.09412758456839732 
-0.8156370784983391 -0.5614909399392012 -0.13951372887600175 
-0.8072560984427506 -0.5757232406428158 0.12992436919501477 
-0.6436273386472331 -0.7584446904984775 -0.10249634335208543 
-0.6436027792609769 -0.7584157499377067 0.10286404995902243 
-0.7014040262715222 -0.696166216239879 -0.15292152005636067 
-0.6985442412604138 -0.6985652055135257 0.15505675298985894 
-0.5280693404385911 -0.8435839556025079 -0.0975134941368497 
-0.5280693404385464 -0.8435839556024365 0.0975134941377085 
-0.5852140650875959 -0.7987198088817176 -0.13989697968006204 
-0.5827903069350673 -0.8008096587437828 0.13805559968793718 
-0.4273769441681252 -0.8984518404728936 -0.10066398533927333 
-0.4272305026944643 -0.898143984344182 0.10397827154647854 
-0.47301478876656367 -0.8708912344132265 -0.13343712912952627 
-0.4729816463286231 -0.8709060220363664 0.13345809461047128 
-0.3394349162647277 -0.935452595876658 -0.09855140023347933 
-0.3397589007833252 -0.9363454685436218 0.08843671678851488 
-0.3815479237924828 -0.9156754032258355 -0.12633185574845832 
-0.3937293226849632 -0.9108205722808008 0.12402864817498775 
-0.26054154321793865 -0.9603421443775076 -0.09930292034993408 
-0.2607504693271171 -0.9611122348023464 0.09095309153034571 
-0.2968503754221157 -0.9469199133130004 -0.12337962709883983 
-0.3025134132186111 -0.9462715937126411 0.11426156727160743 
-0.18784634763996338 -0.9770376577935258 -0.10055428847974224 
-0.18796894753679197 -0.9776753317091917 0.09390751050492518 
-0.22086037278283444 -0.9677797777964192 -0.12092558630224083 
-0.22791947620241962 -0.9668466689540884 0.11515307681515873 
-0.11881472145633944 -0.9875165737669069 -0.10341217772062102 
-0.11883855834925143 -0.9877146916981631 0.10147455273650804 
-0.14942582170799779 -0.9811789389698036 -0.12231031652718459 
-0.15413115644409722 -0.9809413558782043 0.11831163485065697 
-0.05120671979371057 -0.9932076540982671 -0.10448170982801605 
-0.051248454792349116 -0.9940171478572616 0.0964546818309602 
-0.0823942169616649 -0.9889520892430073 -0.12322726237795341 
-0.09386231603205109 -0.9884356068826298 0.11910044783990727 
0.01732080989539476 -0.99379714244657 -0.10985094086806657 
0.017322814885721616 -0.9939121805810163 0.10880485916136397 
-0.01106348131503003 -0.9917966238671692 -0.127346206330919 
-0.011160831709639649 -0.9920427846472555 0.12540553921126485 
0.02550860453347931 -0.9931190613179854 -0.11429716156422208 
0.025378127359434646 -0.9932110618941918 0.11352417003766342 
-0.903192276027317 -0.05816725594524051 -0.42527671328253536 
-0.9011524479441869 0.08876932696324713 -0.42431624073878144 
-0.9238980555156672 -0.13862265164255405 -0.356645683369302 
-0.9178270486580947 0.13946273324672614 -0.3716768149709151 
-0.7737784988875755 -0.09412758456839468 -0.6264238441204246 
-0.7737784988875863 0.09412758456824605 -0.6264238441204335 
-0.8072560984785367 -0.12992436923535033 -0.5757232405835353 
-0.8156370786627545 0.1395137290670135 -0.5614909396529062 
-0.6436027792593357 -0.10286404998354477 -0.7584157499357734 
-0.6436273386446315 0.10249634339110332 -0.7584446904954124 
-0.6985442413929199 -0.1550567528912112 -0.6985652054029199 
-0.7014040262493768 0.15292152007294396 -0.6961662162585482 
-0.5280693404385469 -0.09751349413770465 -0.8435839556024366 
-0.5280693404385914 0.09751349413684954 -0.8435839556025078 
-0.5827903070946872 -0.1380555998090631 -0.8008096586067378 
-0.5852140651023295 0.13989697969126774 -0.7987198088689598 
-0.4272305026547295 -0.10397827243127854 -0.8981439842606497 
-0.42737694417096234 0.10066398527399416 -0.898451840478858 
-0.4729816462125207 -0.1334580946839113 -0.8709060220881666 
-0.47301478881453946 0.13343712909917685 -0.870891234391819 
-0.3397589007665195 -0.08843671734346434 -0.9363454684973055 
-0.33943491626518285 0.09855140022001568 -0.9354525958779112 
-0.3937293229434447 -0.12402864912260918 -0.9108205720400244 
-0.38154792374901014 0.1263318557347234 -0.9156754032458448 
-0.26075046931650564 -0.09095309197407805 -0.9611122347632335 
-0.260541543216832 0.09930292039228335 -0.9603421443734287 
-0.30251341300129686 -0.11426156758625929 -0.9462715937441204 
-0.29685037534580905 0.12337962710807691 -0.9469199133357182 
-0.1879689475307751 -0.09390751084278483 -0.9776753316778964 
-0.18784634764000027 0.10055428847780998 -0.9770376577937175 
-0.22791947637113208 -0.11515307697045138 -0.9668466688958216 
-0.22086037282798276 0.1209255862861639 -0.9677797777881247 
-0.11883855835101868 -0.1014745525914679 -0.9877146917128513 
-0.11881472145679488 0.10341217768395186 -0.9875165737706924 
-0.15413115702608954 -0.11831163488140471 -0.9809413557830499 
-0.14942582168744556 0.12231031658454437 -0.9811789389657833 
-0.051248454796541394 -0.09645468099075538 -0.9940171479385748 
-0.051206719793784 0.10448170981444185 -0.9932076540996911 
-0.09386231701536663 -0.11910044711716543 -0.9884356068763398 
-0.08239421684463562 0.1232272622943621 -0.9889520892631734 
0.01732281488572162 -0.10880485916136319 -0.9939121805810163 
0.017320809895295896 0.1098509409193919 -0.9937971424408983 
-0.01116083165740589 -0.12540553918094055 -0.9920427846516765 
-0.011063481346069697 0.1273462063047702 -0.9917966238701805 
0.025378127372519422 -0.1135241700453215 -0.993211061892982 
0.02550860443719616 0.1142971615869479 -0.9931190613178431 
0.1365980834199667 -0.9152195944936841 -0.379096369622301 
0.07697511557178194 -0.9542817980031432 -0.28882707903276494 
0.1534247866753667 -0.7839602962864032 -0.601553895075207 
0.05865008768314674 -0.8594640345034992 -0.5078205791514628 
0.1425193670213747 -0.6025471990309079 -0.7852548012994471 
0.0563765879990199 -0.7008294816020185 -0.7110975446751553 
0.13688660775719932 -0.37908112619558215 -0.9151827994335425 
0.06406167365909747 -0.4942305094873805 -0.8669673035702323 
0.0769238810856094 -0.28421178150079873 -0.9556706439850863 
-0.9031922760159257 0.4252767132771716 -0.05816725616133451 
-0.9011524479287076 0.42431624073149277 0.08876932715522712 
-0.9238980554786638 0.35664568349942194 -0.13862265155440504 
-0.9178270486950041 0.3716768148850691 0.1394627332326048 
-0.7737784988875754 0.6264238441204245 -0.09412758456839557 
-0.7737784988875863 0.6264238441204335 0.09412758456824605 
-0.8072560985475635 0.5757232404691898 -0.12992436931315857 
-0.8156370789732307 0.5614909391122768 0.13951372942771398 
-0.6436027792700107 0.7584157499483526 -0.10286404982400689 
-0.6436273386518612 0.7584446905039317 0.10249634328266395 
-0.6985442416043813 0.6985652052264075 -0.15505675273378788 
-0.7014040262691833 0.6961662162418507 0.15292152005811216 
-0.5280693404385469 0.8435839556024367 -0.09751349413770416 
-0.5280693404385913 0.8435839556025077 0.09751349413684951 
-0.5827903071594671 0.8008096585511194 -0.13805559985822194 
-0.5852140650234443 0.7987198089372668 0.13989697963126935 
-0.4272305026547295 0.8981439842606496 -0.10397827243127883 
-0.4273769441724238 0.8984518404819303 0.10066398524036818 
-0.47298164621252015 0.8709060220881669 -0.1334580946839112 
-0.47301478881656506 0.8708912343909151 0.1334371290978954 
-0.33975890076193677 0.9363454684846749 -0.08843671749479975 
-0.3394349162661894 0.9354525958806843 0.09855140019022626 
-0.39372932291248525 0.9108205720509223 -0.12402864914086133 
-0.3815479237192903 0.915675403262381 0.1263318557046272 
-0.2607504693113323 0.9611122347441643 -0.09095309219041542 
-0.2605415432187061 0.9603421443803365 0.099302920320562 
-0.3025134129700452 0.9462715937323093 -0.11426156776681459 
-0.2968503754597028 0.9469199133131674 0.12337962700712446 
-0.18796894753106366 0.977675331679397 -0.09390751082658515 
-0.18784634763920163 0.9770376577895633 0.10055428851966657 
-0.22791947646346025 0.9668466688645108 -0.1151530770505991 
-0.2208603728765445 0.9677797777725154 0.12092558632239314 
-0.11883855835040115 0.9877146917077191 -0.10147455264214514 
-0.11881472145614866 0.9875165737653215 0.10341217773598045 
-0.1541311569501058 0.9809413557946273 -0.11831163488440345 
-0.1494258216752558 0.9811789389585364 0.12231031665757183 
-0.05124845479654141 0.9940171479385749 -0.09645468099075538 
-0.05120671979347502 0.9932076540936978 0.10448170987156612 
-0.093862317052853 0.9884356068703883 -0.11910044713701462 
-0.08239421685445433 0.9889520892628306 0.12322726229054855 
0.01732281488572162 0.9939121805810164 -0.10880485916136323 
0.017320809895428828 0.9937971424485248 0.10985094085037696 
-0.011160831657405456 0.9920427846516766 -0.12540553918094036 
-0.011063481510136442 0.9917966238648552 0.12734620633199 
0.02537812737251939 0.993211061892982 -0.11352417004532149 
0.025508604467168614 0.9931190613224196 0.11429716154049416 
0.1365980833953101 0.37909636962360227 -0.9152195944968251 
0.07697511559180026 0.28882707908847266 -0.9542817979846676 
0.1534247866717178 0.6015538950755516 -0.7839602962868527 
0.05865008769138443 0.5078205791724488 -0.8594640344905373 
0.142519366948616 0.7852548013077585 -0.6025471990372857 
0.056376587966265886 0.7110975447221285 -0.700829481556992 
0.13688660775719935 0.9151827994335426 -0.37908112619558204 
0.06406167370945276 0.8669673036094716 -0.4942305094120211 
0.07692388108560946 0.955670643985086 -0.28421178150079873 
-0.9031922760209713 0.058167256162426406 0.4252767132663065 
-0.9011524479639045 -0.08876932678185376 0.42431624073485447 
-0.92389805549961 0.1386226515216394 0.35664568345789627 
-0.9178270486133583 -0.13946273319534028 0.3716768151006694 
-0.7737784989568571 0.09412758454568121 0.6264238440382586 
-0.7737784989568676 -0.09412758454553792 0.6264238440382672 
-0.8072560986613885 0.12992436933162718 0.575723240305421 
-0.815637078445093 -0.13951372869958942 0.5614909400603811 
-0.6436027793825508 0.10286404985265407 0.7584157498489638 
-0.6436273387907507 -0.10249634291625685 0.7584446904355843 
-0.6985442418851584 0.15505675254020826 0.6985652049886065 
-0.7014040261736975 -0.1529215201458695 0.696166216318778 
-0.5280693405270938 0.09751349414426641 0.8435839555462493 
-0.528069340527138 -0.09751349414341406 0.8435839555463203 
-0.5827903074966362 0.13805560006064463 0.8008096582708475 
-0.5852140646410623 -0.13989697928719505 0.7987198092776995 
-0.4272305027370545 0.10397827205014655 0.8981439842656129 
-0.42737694423636763 -0.10066398526998972 0.8984518404481945 
-0.47298164635678536 0.13345809465990066 0.8709060220134971 
-0.473014788920933 -0.13343712909912184 0.8708912343340409 
-0.33975890084023475 0.08843671708526245 0.9363454684949443 
-0.33943491633537287 -0.09855140009103346 0.9354525958660308 
-0.3937293227207692 0.12402864882962053 0.9108205721761795 
-0.38154792411685073 -0.1263318555939345 0.9156754031119955 
-0.26075046938033813 0.09095309180699943 0.961112234761727 
-0.2605415432877094 -0.09930291996792862 0.9603421443980795 
-0.30251341282730726 0.11426156749280328 0.9462715938110278 
-0.2968503754430711 -0.12337962720358188 0.9469199132927836 
-0.18796894758068042 0.093907510663473 0.9776753316855249 
-0.18784634768787226 -0.10055428841541901 0.9770376577909348 
-0.2279194763001157 0.11515307680850538 0.9668466689318507 
-0.22086037230061095 -0.12092558584773465 0.9677797779632605 
-0.1188385583993753 0.10147455253584768 0.9877146917127475 
-0.11881472150475209 -0.1034121776607718 0.9875165737673497 
-0.15413115683367917 0.11831163487150098 0.9809413558144771 
-0.1494258216540169 -0.12231031661428315 0.9811789389671671 
-0.05124845484749359 0.09645468180160063 0.9940171478572672 
-0.0512067198486729 -0.10448170982632411 0.9932076540956112 
-0.09386231595707277 0.11910044773132848 0.9884356069028328 
-0.08239421644412313 -0.12322726240000803 0.988952089283378 
0.017322814824317388 0.10880485914842192 0.9939121805835033 
0.017320809834286098 -0.10985094070547963 0.9937971424656068 
-0.011160831766222486 0.12540553919687375 0.9920427846484381 
-0.01106348108737276 -0.12734620601793753 0.9917966239098953 
0.025378127350985148 0.11352417005605422 0.9932110618923056 
0.025508604462952618 -0.11429716140061108 0.9931190613386268 
0.13659808340958543 0.9152195944950066 0.37909636962284876 
0.07697511557899483 0.9542817979782973 0.28882707911293276 
0.15342478671879747 0.7839602962810535 0.6015538950711019 
0.05865008771823649 0.8594640344812815 0.5078205791850128 
0.1425193670837075 0.6025471990254445 0.7852548012923263 
0.05637658796850355 0.7008294816074648 0.7110975446722073 
0.13688660775719944 0.37908112619558215 0.9151827994335424 
0.0640616736570965 0.49423050949037534 0.866967303568673 
0.07692388106394725 0.284211781466112 0.9556706439971454 
0.13659808339632634 -0.37909636961306703 0.9152195945010373 
0.07697511543420728 -0.28882707871 0.9542817981119299 
0.15342478725941205 -0.6015538949914451 0.7839602962363756 
0.058650087579352354 -0.5078205791882747 0.8594640344888316 
0.14251936706846022 -0.7852548012273806 0.6025471991136897 
0.05637658744746409 -0.7110975449132995 0.700829481404754 
0.13688660774256803 -0.9151827993902344 0.3790811263054205 
0.06406167402257633 -0.866967303793282 0.49423050904899885 
0.07692388105140034 -0.9556706439696214 0.28421178156205806 
-0.15105223390215838 -0.9338803754436719 -0.3241152063608773 
-0.18273548917423763 -0.9219792163158357 -0.34141187102660814 
-0.21840844074946303 -0.9205474516564427 -0.3238674763822662 
-0.019119067908696386 -0.9443726955545292 -0.32832099100327894 
-0.04886684598092181 -0.937593059672139 -0.34428372865779433 
-0.08323185816745382 -0.9419360315091448 -0.32531364916153793 
-0.3715903271639315 -0.2786062736755234 -0.885606669479652 
-0.2996360759485152 -0.2916085100672328 -0.9083956730668329 
-0.33256642329150193 -0.30451817853520347 -0.892562744595975 
-0.4652156331955527 -0.3439936543249271 -0.8156241661541443 
-0.5062564979865554 -0.3706203563394248 -0.7786815200794397 
-0.5580226306231575 -0.33103127742755367 -0.7609395751812973 
-0.16216069589383364 -0.3110746020843931 -0.9364488777532194 
-0.08617513724386058 -0.31936103018756945 -0.9437067225142227 
-0.1317395213026522 -0.3348692202957458 -0.933009809072481 
-0.2912304548462648 -0.9011763585482564 -0.3210389274897084 
-0.3296136729054161 -0.8800850935512392 -0.3417675448937595 
-0.3698934571750395 -0.8729679183870751 -0.31797145124371506 
0.08127234389290826 -0.49244623064822557 -0.8665399679406065 
0.015645852428244112 -0.5899752126206443 -0.80726975404447 
0.0921053474725473 -0.696132401859713 -0.7119805362845169 
-0.4648310189955177 -0.8314089105192316 -0.3044525370050528 
-0.566712001172343 -0.7682630847493969 -0.29767321064983204 
-0.5144356233835181 -0.7879715314325357 -0.33831472779924227 
-0.6879401156673633 -0.663903246669011 -0.2932079063018612 
-0.7497254733485883 -0.5494653472362548 -0.36878116383402376 
-0.7936715568900465 -0.5152016888861235 -0.32350066391371723 
0.06582199459329198 -0.9554207397237301 -0.2878170862431921 
0.02104789173482478 -0.9388453316498736 -0.34369525672135476 
0.07167612417997393 -0.8599813464313673 -0.5052668770190952 
0.0896263929207291 -0.8533659371294988 -0.5135500823085432 
-0.6787692309098072 -0.3314892510337123 -0.6552764360323187 
-0.7375378515644623 -0.3877231796457466 -0.552909263329047 
-0.8064266276893265 -0.317575614172915 -0.4988204320557811 
-0.027880845400259223 -0.3241684812372194 -0.9455884169299671 
0.01118504805227196 -0.36588815217394866 -0.9305916154784556 
0.0017589458321556992 -0.3661107340328405 -0.9305696301381721 
0.06412524998591491 -0.2829537586688225 -0.9569875248765941 
-0.8616753730032994 -0.33150983710694637 -0.3842092912215304 
-0.8628792939285272 -0.3613269274539575 -0.3533867224530214 
0.007809659576573748 -0.9382980440823193 -0.34573948239764574 
-0.049839294918081464 -0.8411951975086401 -0.5384298323555898 
-0.01566252624305894 -0.8377085967765053 -0.545892839446007 
0.0032945868122225925 -0.8494676613466402 -0.5276303990711741 
-0.06673306041441242 -0.8325854193528849 -0.549861999167707 
-0.11168626180670142 -0.8400726253846231 -0.5308522986698199 
-0.11605062847635958 -0.9322129494173763 -0.34279916652290443 
-0.07153347069277267 -0.7082851382705295 -0.7022927633656374 
-0.043958298643698615 -0.6930095636183358 -0.7195869736966305 
-0.026852282413518416 -0.6958078227349853 -0.7177258729835393 
0.01364405168528779 -0.7469344444628948 -0.6647576818123397 
-0.11266557215018091 -0.6870012340011513 -0.7178689109670147 
-0.1394513069204174 -0.6963208347250265 -0.70405300093532 
-0.14500569420836412 -0.8242206970835434 -0.5473879713204047 
-0.10344759290750953 -0.5354031385749601 -0.8382374811028939 
-0.051044058020507904 -0.5368822608366715 -0.8421115972005749 
-0.07512792561298051 -0.5246650641080246 -0.8479872435936834 
-0.18217050648420813 -0.672366487542978 -0.7174518889768187 
-0.1718264732195959 -0.5216610092124185 -0.8356706615458007 
-0.13745576555375003 -0.5110942674040939 -0.8484624696135387 
-0.20814924872986676 -0.6794855742308592 -0.7035433495281946 
-0.21574275146290778 -0.8089552981714365 -0.546851342461163 
-0.17661996688834258 -0.8286982728292994 -0.5310975050836682 
-0.2498916175112705 -0.6542501937350742 -0.7138002966483126 
-0.24307485278587973 -0.49996071139139303 -0.8312363701187138 
-0.21002007792657232 -0.49052043538209716 -0.8457430279584187 
-0.2840790505557056 -0.66159780603396 -0.6939650107076145 
-0.28861879849274524 -0.7874701607433268 -0.5446007116185977 
-0.24760096601797002 -0.8121498953836467 -0.5283051287421879 
-0.32292911828083987 -0.6326721455578841 -0.7038769358357632 
-0.27081076594531733 -0.47835442971983594 -0.8353673255613492 
-0.31629670910688984 -0.4893199152986097 -0.8127252994095318 
-0.3679374485835825 -0.6371323231869115 -0.67726245775198 
-0.37168507326756534 -0.7586716697907577 -0.5350397216721278 
-0.32573599661722713 -0.7896607042714789 -0.5199346426592996 
-0.1960473602650601 -0.3222535078345818 -0.9261307192947489 
-0.22789141427956058 -0.2942185229450898 -0.9281707623350733 
-0.27573519988740075 -0.3107984011898886 -0.9096012606416419 
-0.4217919442357206 -0.5857076333240637 -0.6921258007355129 
-0.3870813807461495 -0.46089959426354465 -0.7985859807731128 
-0.345267345567986 -0.46137199101297555 -0.8172676097785594 
-0.45405224197227634 -0.5839944003520112 -0.6728945696893712 
-0.46278903302171953 -0.7206088317021445 -0.5162840522306419 
-0.41369928108666576 -0.7603751740812841 -0.5006820342984484 
-0.029022733514841022 -0.5292166731945296 -0.8479902085238019 
0.03842040157872484 -0.5875354336215775 -0.8082858324761325 
0.05066277955290829 -0.7404441260292165 -0.6702057736224025 
-0.07001959087127795 -0.3316692521446989 -0.9407936883695569 
-0.5003762851815958 -0.5405788167410359 -0.6763121439976717 
-0.4449819560939591 -0.35303723509907153 -0.823016263134816 
-0.5520191124909793 -0.5512375926763423 -0.6256292958814048 
-0.5044947010200144 -0.7164713302913082 -0.4818235460345722 
-0.5493064973337896 -0.6726537628153266 -0.4957814915436697 
-0.2533601132351224 -0.9047036795103225 -0.34251993416729737 
-0.4155622894038981 -0.8419281388432216 -0.34418743825041 
-0.6349902881633065 -0.36482478961698916 -0.6809480206441608 
-0.5916479485787449 -0.5216338579048032 -0.6146957159684087 
-0.7086894366065175 -0.5092805951561801 -0.48825460350078 
-0.6659501636406752 -0.546623493442773 -0.5076545439207424 
-0.6257769006731303 -0.692580076065975 -0.35879814495114004 
-0.6117848004834723 -0.6598648793712585 -0.43623124471976177 
-0.15105223380492666 0.3241152061882753 -0.9338803755193026 
-0.18273548917656027 0.34141187093524933 -0.921979216349206 
-0.21840844074346136 0.32386747624261303 -0.9205474517069995 
-0.01911906806552488 0.32832099114163105 -0.9443726955032546 
-0.0488668458611039 0.34428372867253393 -0.9375930596729714 
-0.0832318581012413 0.325313649235759 -0.9419360314893621 
-0.37159032732662167 0.8856066695062708 -0.2786062733739228 
-0.2996360759949922 0.9083956728954103 -0.2916085105534781 
-0.3325664227326228 0.8925627446959721 -0.30451817885246096 
-0.46521563321056997 0.8156241662137551 -0.3439936541632786 
-0.506256498139553 0.7786815200764551 -0.3706203561367053 
-0.558022630864406 0.7609395750770502 -0.33103127726051085 
-0.16216069591365562 0.9364488777505927 -0.3110746020819676 
-0.08617513721127729 0.9437067225007854 -0.31936103023606893 
-0.13173952128285252 0.9330098090730502 -0.33486922030194916 
-0.29123045484404625 0.32103892749885016 -0.9011763585457166 
-0.3296136726002261 0.3417675447172485 -0.8800850937340857 
-0.369893457225652 0.3179714509293151 -0.8729679184801471 
0.0812723439147353 0.866539967973527 -0.49244623058669446 
0.015645852231601438 0.8072697542651471 -0.5899752123239042 
0.09210534752949164 0.711980536349496 -0.6961324017857204 
-0.46483101899329843 0.3044525368337283 -0.8314089105832094 
-0.5667120012008485 0.297673210389553 -0.7682630848292181 
-0.5144356233831671 0.3383147276582574 -0.7879715314932967 
-0.6879401157373248 0.2932079058526154 -0.6639032467949227 
-0.7497254734191804 0.3687811638074673 -0.549465347157758 
-0.7936715569254562 0.3235006638817708 -0.5152016888516341 
0.06582199442958264 0.28781708628853153 -0.9554207397213501 
0.021047891713904594 0.3436952567945265 -0.9388453316235557 
0.07167612418897816 0.5052668770366155 -0.8599813464203231 
0.08962639297191179 0.5135500823409703 -0.8533659371046088 
-0.6787692309908775 0.655276435869154 -0.33148925119024786 
-0.7375378516983376 0.5529092632253989 -0.38772317953889146 
-0.8064266275931402 0.49882043216605965 -0.31757561424394704 
-0.027880845400258227 0.9455884169299666 -0.3241684812372208 
0.01118504777553154 0.9305916155962596 -0.36588815188278856 
0.00175894605832196 0.9305696302533641 -0.36611073373896175 
0.0641252499859148 0.9569875248765941 -0.28295375866882244 
-0.8616753733619466 0.38420929026275547 -0.33150983728592387 
-0.8628792942345749 0.3533867228260976 -0.36132692635821206 
0.007809659577942052 0.345739482515164 -0.9382980440390053 
-0.049839294836138956 0.5384298323667497 -0.8411951975063519 
-0.01566252620759581 0.5458928394828 -0.8377085967531922 
0.003294586898505768 0.5276303990704396 -0.8494676613467619 
-0.0667330605360818 0.5498619992921835 -0.832585419260925 
-0.11168626185994503 0.5308522987521255 -0.8400726253255345 
-0.11605062832897917 0.3427991665127533 -0.9322129494394565 
-0.07153347058163818 0.7022927633523296 -0.7082851382949488 
-0.043958298535383244 0.7195869737102806 -0.6930095636110327 
-0.02685228243815305 0.7177258730047005 -0.6958078227122071 
0.013644051694037795 0.6647576818628758 -0.7469344444177589 
-0.1126655722191664 0.7178689110281169 -0.6870012339259904 
-0.13945130691954138 0.7040530010182746 -0.6963208346413263 
-0.1450056940265504 0.547387971274129 -0.824220697146263 
-0.10344759287653936 0.8382374810857814 -0.5354031386077356 
-0.051044058146808687 0.842111597178346 -0.5368822608595297 
-0.07512792564470043 0.8479872435554883 -0.524665064165215 
-0.182170506504017 0.7174518889788544 -0.6723664875354387 
-0.1718264731741518 0.835670661568905 -0.5216610091903756 
-0.13745576558879724 0.8484624695861558 -0.5110942674401262 
-0.20814924883687574 0.703543349432366 -0.6794855742973003 
-0.2157427512404575 0.5468513423363908 -0.8089552983151082 
-0.17661996705522587 0.5310975049690513 -0.8286982728671874 
-0.2498916175029876 0.7138002965413724 -0.6542501938549116 
-0.2430748528753531 0.8312363699909263 -0.4999607115603517 
-0.2100200777369843 0.8457430279662426 -0.4905204354497809 
-0.284079050490084 0.6939650106506244 -0.661597806121915 
-0.2886187986010282 0.5446007114847018 -0.7874701607962397 
-0.24760096595948267 0.5283051285478221 -0.8121498955279132 
-0.32292911846992783 0.7038769357813562 -0.6326721455218995 
-0.2708107657078332 0.8353673254350884 -0.4783544300747764 
-0.3162967091647202 0.8127252991935077 -0.48931991562002863 
-0.3679374485190347 0.6772624577933044 -0.6371323231802599 
-0.3716850732807351 0.5350397214047959 -0.758671669972837 
-0.3257359966812875 0.5199346425597468 -0.7896607043106025 
-0.19604736035743792 0.9261307192667776 -0.32225350785876966 
-0.2278914140831832 0.9281707622870573 -0.29421852324867276 
-0.27573519997309087 0.9096012604838707 -0.31079840157560884 
-0.4217919443967896 0.6921258007394329 -0.5857076332034391 
-0.3870813809417654 0.798585980906684 -0.46089959386782425 
-0.3452673461021778 0.8172676097721648 -0.46137199062454093 
-0.45405224207399336 0.6728945696472828 -0.5839944003214227 
-0.4627890329605436 0.5162840520866585 -0.7206088318445906 
-0.41369928091602526 0.5006820341158251 -0.7603751742943764 
-0.02902273330946547 0.8479902086007518 -0.5292166730824922 
0.0384204017453824 0.8082858326962183 -0.587535433307902 
0.050662779539865796 0.6702057736586875 -0.7404441259972658 
-0.07001959091721488 0.9407936883633689 -0.3316692521525537 
-0.5003762851618562 0.6763121438056879 -0.5405788169994965 
-0.4449819562106198 0.8230162631280638 -0.35303723496776934 
-0.5520191126492737 0.6256292956115037 -0.5512375928241487 
-0.5044947011186892 0.48182354577603653 -0.7164713303956914 
-0.5493064973229375 0.4957814912449823 -0.6726537630443372 
-0.2533601134430495 0.3425199340882999 -0.9047036794820014 
-0.4155622893749232 0.3441874381406652 -0.8419281389023877 
-0.6349902881149613 0.6809480205852311 -0.36482478981112837 
-0.5916479486224095 0.6146957158186253 -0.5216338580317834 
-0.7086894366688589 0.4882546030626823 -0.5092805954894394 
-0.66595016382068 0.5076545434842891 -0.5466234936288116 
-0.6257769006458915 0.3587981448364183 -0.6925800761500195 
-0.6117848005656781 0.43623124428510773 -0.6598648795823887 
-0.1510522337957236 0.9338803754915853 0.32411520627242657 
-0.1827354893242707 0.9219792162723346 0.3414118710637801 
-0.21840844093231343 0.92054745158989 0.32386747644812247 
-0.01911906803971583 0.944372695551686 0.3283209910038271 
-0.04886684598794733 0.9375930596611307 0.34428372868677587 
-0.08323185813047568 0.9419360314671906 0.325313649292476 
-0.3715903270685294 0.2786062730907355 0.8856066697036522 
-0.29963607593389546 0.2916085095903773 0.9083956732247328 
-0.3325664232797862 0.3045181780711853 0.8925627447586507 
-0.46521563284374434 0.34399365386786257 0.8156241665475784 
-0.5062565000101932 0.370620357063035 0.7786815184193713 
-0.5580226308952875 0.33103127864689136 0.7609395744512871 
-0.1621606958573507 0.3110746015396142 0.9364488779405047 
-0.08617513751689623 0.3193610301109017 0.9437067225152356 
-0.1317395211123412 0.3348692200362822 0.9330098091924774 
-0.2912304549085555 0.9011763585173176 0.32103892752004853 
-0.32961367268995956 0.8800850936931206 0.3417675447361953 
-0.36989345719746586 0.8729679184863567 0.317971450945056 
0.08127234379154319 0.49244623065028476 0.8665399679489434 
0.01564585231428488 0.5899752121673504 0.8072697543779584 
0.09210534746404515 0.6961324018715264 0.7119805362740664 
-0.4648310189688729 0.8314089106362808 0.30445253672609146 
-0.5667120012777246 0.7682630849421461 0.29767320995174107 
-0.5144356232420922 0.7879715316382037 0.33831472753526953 
-0.6879401156801954 0.663903246831189 0.2932079059045386 
-0.7497254731271573 0.5494653477406658 0.3687811635326419 
-0.7936715569599264 0.5152016889097946 0.3235006637045768 
0.0658219943816405 0.9554207397156952 0.28781708631826747 
0.021047891809782174 0.9388453316827367 0.3436952566269949 
0.07167612416519413 0.8599813464110663 0.5052668770557448 
0.08962639266950712 0.8533659371978504 0.5135500822388073 
-0.6787692311957276 0.33148925212911534 0.6552764351820081 
-0.7375378520508808 0.38772317901424314 0.5529092631230391 
-0.806426627561158 0.3175756148194384 0.4988204318513756 
-0.027880844626900658 0.3241684821178754 0.9455884166508615 
0.011185047643160678 0.3658881517393023 0.9305916156542662 
0.0017589461812619245 0.3661107335810258 0.930569630315268 
0.0641252499518063 0.2829537586356888 0.9569875248886763 
-0.862879293938075 0.3613269253861921 0.3533867245439343 
-0.8616753730859642 0.33150983825794905 0.38420929004300913 
0.007809659564948616 0.9382980440984605 0.3457394823541032 
-0.04983929481894859 0.8411951975097143 0.5384298323630877 
-0.015662526307648576 0.8377085967708018 0.5458928394529063 
0.0032945868177996743 0.8494676613658406 0.5276303990402272 
-0.06673306050553729 0.8325854192699418 0.5498619992822377 
-0.11168626187748894 0.8400726254063918 0.5308522986204781 
-0.11605062853128857 0.9322129493894459 0.3427991665802631 
-0.07153347085631805 0.7082851382057658 0.7022927634142954 
-0.04395829862959615 0.6930095634649774 0.7195869738451862 
-0.02685228242858474 0.6958078225932837 0.7177258731203502 
0.013644051705109012 0.7469344443778434 0.6647576819074983 
-0.11266557211098763 0.6870012339447015 0.7178689110271885 
-0.1394513071481164 0.6963208346986839 0.7040530009162733 
-0.14500569436720698 0.8242206970831588 0.5473879712789056 
-0.10344759300969102 0.5354031382980734 0.8382374812671379 
-0.05104405800918134 0.5368822607605895 0.8421115972497669 
-0.07512792576474178 0.5246650639270339 0.8479872436922201 
-0.18217050654569783 0.6723664875575264 0.7174518889475716 
-0.17182647320108518 0.5216610088198849 0.835670661794643 
-0.13745576558974895 0.5110942671179485 0.8484624697800741 
-0.20814924889234426 0.6794855742171803 0.7035433494933356 
-0.21574275162481407 0.8089552981313926 0.5468513424565251 
-0.17661996694594478 0.8286982728149733 0.5310975050868657 
-0.24989161750047592 0.6542501937585663 0.7138002966305591 
-0.2430748528584291 0.4999607112940008 0.8312363701560764 
-0.210020077725896 0.4905204352027166 0.8457430281122902 
-0.28407905062849415 0.6615978060215206 0.6939650106896772 
-0.28861879858477313 0.7874701607788742 0.5446007115184263 
-0.24760096608711066 0.8121498953769066 0.5283051287201452 
-0.32292911850542166 0.6326721454616056 0.7038769358192669 
-0.2708107660736598 0.47835442958471974 0.8353673255971141 
-0.31629670925059467 0.4893199150668189 0.8127252994931595 
-0.3679374485489995 0.6371323232212575 0.6772624577384574 
-0.37168507328707645 0.7586716699435153 0.535039721441968 
-0.3257359967218384 0.7896607043038623 0.5199346425445786 
-0.19604736048709342 0.3222535074170285 0.9261307193930385 
-0.22789141416812367 0.29421852280925975 0.9281707624054908 
-0.27573519976026845 0.3107984008848439 0.9096012607844103 
-0.4217919446111466 0.5857076331870948 0.6921258006226317 
-0.38708138131492253 0.4608995937373106 0.7985859808011367 
-0.3452673457704621 0.46137199061168366 0.8172676099195616 
-0.4540522421176114 0.5839944004580583 0.6728945694992663 
-0.4627890329961715 0.7206088318653823 0.5162840520257018 
-0.4136992810335792 0.7603751742268329 0.5006820341212708 
-0.029022733340114414 0.5292166730338504 0.8479902086300593 
0.038420401814086326 0.5875354331128617 0.8082858328347255 
0.05066277956980657 0.7404441259579929 0.6702057736998129 
-0.07001959059674213 0.3316692527294071 0.9407936881838554 
-0.5003762859577566 0.5405788165706457 0.6763121435596152 
-0.44498195658975354 0.35303723449056534 0.8230162631277758 
-0.5520191125049055 0.5512375935310626 0.625629295116029 
-0.5044947012841997 0.7164713304169986 0.4818235455710546 
-0.5493064973283204 0.672653763296603 0.49578149089675566 
-0.2533601132092171 0.9047036795190168 0.34251993416349497 
-0.41556228936405853 0.8419281389516723 0.34418743803322643 
-0.634990290035472 0.36482478962163417 0.6809480188958608 
-0.5916479504642581 0.5216338579406712 0.6146957141231543 
-0.7086894366598412 0.509280596474529 0.4882546020482602 
-0.6659501632169206 0.5466234948166643 0.507654542997276 
-0.6257769007594403 0.6925800761649034 0.35879814460964854 
-0.6117848003926057 0.6598648795733705 0.43623124454147133 
-0.15105223379977656 -0.3241152059344458 0.9338803756082303 
-0.18273548952343133 -0.34141187081531005 0.9219792163248702 
-0.21840844079531527 -0.3238674763667259 0.9205474516510312 
-0.01911906759152712 -0.3283209914654043 0.9443726954002877 
-0.04886684545834259 -0.34428372884603664 0.937593059630253 
-0.08323185773372858 -0.3253136491101037 0.9419360315652335 
-0.371590326868503 -0.8856066696666873 0.27860627347502054 
-0.29963607629624 -0.908395673261798 0.29160850910259567 
-0.33256642357731486 -0.8925627447758238 0.30451817769591644 
-0.4652156321951209 -0.8156241671391334 0.3439936533424545 
-0.5062564976378814 -0.7786815205997913 0.37062035572243296 
-0.5580226304664526 -0.7609395752134674 0.3310312776177635 
-0.16216069599595312 -0.9364488777143718 0.3110746021481048 
-0.08617513734132307 -0.9437067222663146 0.3193610308938352 
-0.1317395208259066 -0.9330098090508424 0.3348692205435897 
-0.29123045451794904 -0.3210389269667171 0.9011763588406698 
-0.329613673272872 -0.34176754490050576 0.880085093410998 
-0.36989345737797247 -0.3179714511212349 0.872967918345701 
0.08127234386593908 -0.8665399681879947 0.49244623021735656 
0.015645852720855582 -0.8072697549034792 0.5899752114374925 
0.09210534791410122 -0.7119805366456119 0.6961324014319755 
-0.4648310190892049 -0.3044525367780629 0.8314089105499733 
-0.5667120010445931 -0.2976732107170903 0.7682630848175722 
-0.5144356232407934 -0.3383147278683247 0.7879715314960547 
-0.6879401153756969 -0.2932079059376143 0.6639032471321045 
-0.749725472451314 -0.36878116344745515 0.5494653487200036 
-0.7936715571310305 -0.3235006629712066 0.5152016891066984 
0.06582199463609086 -0.28781708593665306 0.9554207398131253 
0.021047891051549614 -0.3436952572655886 0.9388453314659572 
0.07167612417685837 -0.5052668769623192 0.8599813464649848 
0.08962639463870097 -0.5135500830312217 0.8533659365141623 
-0.6787692306974811 -0.6552764361372337 0.33148925126108664 
-0.7375378508468886 -0.5529092636565627 0.3877231805436843 
-0.8064266247495694 -0.49882043392575187 0.31757561870071505 
-0.027880844553042995 -0.9455884166246856 0.32416848220058186 
0.011185047540010712 -0.9305916156695395 0.36588815170361005 
0.0017589461737220731 -0.9305696303153753 0.3661107335807891 
0.06412524999196177 -0.9569875248563204 0.2829537587360198 
-0.8616753735359955 -0.3842092864040412 0.3315098413056543 
-0.8628792942567985 -0.35338672396294196 0.36132692519327825 
0.007809660301052826 -0.34573948283654515 0.9382980439145658 
-0.049839294816658386 -0.5384298323962867 0.8411951974885999 
-0.015662526177329175 -0.545892839693826 0.837708596616243 
0.0032945870123184955 -0.5276303992750122 0.8494676612192542 
-0.06673306098742328 -0.5498619996056993 0.832585419017695 
-0.11168626205530695 -0.5308522985348706 0.8400726254368476 
-0.11605062824843411 -0.3427991665271048 0.9322129494442062 
-0.07153347099367084 -0.7022927631065139 0.7082851384970714 
-0.043958298197987064 -0.7195869739439953 0.6930095633897563 
-0.02685228230618988 -0.7177258732179828 0.695807822497299 
0.013644051853600176 -0.664757682589143 0.74693444376848 
-0.11266557225066384 -0.7178689110365506 0.6870012339120123 
-0.13945130743316606 -0.7040530009973256 0.696320834559645 
-0.14500569480206785 -0.5473879710322545 0.8242206971704614 
-0.10344759308346807 -0.8382374808316021 0.535403138965702 
-0.05104405835338658 -0.842111597207906 0.5368822607935241 
-0.07512792538224275 -0.8479872434791201 0.5246650643262268 
-0.182170506518738 -0.7174518889691184 0.6723664875418394 
-0.171826473158462 -0.8356706614795685 0.5216610093386557 
-0.13745576541445495 -0.84846246931179 0.5110942679424864 
-0.2081492485164197 -0.7035433497679279 0.679485574048024 
-0.21574275095614434 -0.5468513421897521 0.8089552984900599 
-0.17661996691621437 -0.5310975051380155 0.8286982727885289 
-0.24989161713153202 -0.7138002964511432 0.6542501940952313 
-0.24307485276360333 -0.8312363700880462 0.499960711453211 
-0.21002007765592698 -0.8457430280729584 0.490520435300489 
-0.2840790498715902 -0.6939650103826959 0.6615978066685222 
-0.28861879770695875 -0.5446007117314262 0.7874701609532984 
-0.24760096610022558 -0.5283051285666183 0.8121498954727778 
-0.3229291185066328 -0.703876935666663 0.6326721456307661 
-0.2708107662682637 -0.8353673254964342 0.47835442965036973 
-0.3162967089881055 -0.8127252994879768 0.4893199152451002 
-0.36793744827523844 -0.677262457545702 0.6371323235842475 
-0.37168507316739324 -0.5350397217530256 0.7586716697827818 
-0.3257359971177315 -0.519934642144646 0.7896607044038826 
-0.19604735976561793 -0.9261307193872725 0.3222535078725185 
-0.22789141426571605 -0.928170762493989 0.2942185224544829 
-0.2757351996875377 -0.9096012608766348 0.31079840067945924 
-0.4217919447637661 -0.6921258006168892 0.5857076330839733 
-0.3870813809066045 -0.7985859808666126 0.4608995939667839 
-0.345267345615099 -0.8172676098585381 0.46137199083604535 
-0.45405224209762063 -0.6728945697603602 0.5839944001727617 
-0.4627890329410996 -0.5162840519480736 0.7206088319563677 
-0.4136992813940708 -0.500682034449717 0.7603751738144281 
-0.029022732942391362 -0.8479902088525786 0.5292166726991081 
0.038420401436326024 -0.8082858332962491 0.5875354325026362 
0.05066277976332132 -0.6702057741779631 0.7404441255119595 
-0.07001959129510231 -0.9407936880839092 0.33166925286547566 
-0.5003762842207058 -0.676312143817416 0.5405788178559813 
-0.444981956779986 -0.8230162634167963 0.3530372335770116 
-0.5520191120339611 -0.6256292959274936 0.5512375930816998 
-0.5044947008344417 -0.48182354569105584 0.71647133065299 
-0.5493064974722279 -0.4957814913859451 0.6726537628185254 
-0.2533601133207756 -0.34251993373323236 0.904703679650672 
-0.4155622895866565 -0.3441874376666453 0.8419281389916631 
-0.6349902864963636 -0.6809480217837222 0.3648247903913624 
-0.5916479473490751 -0.6146957167936747 0.5216338583270227 
-0.7086894353753355 -0.48825460461982223 0.5092805957965895 
-0.6659501636307145 -0.5076545441416997 0.5466234932497025 
-0.6257769006171795 -0.3587981440900985 0.6925800765626005 
-0.6117848000436804 -0.436231245486636 0.6598648792720311 
