-18.5 -1.04094977927525e-15 0.0 
-18.13578027589687 -1.524783914121834 0.0 
-17.31609815335587 -2.879397084120062 0.0 
-16.4840497165467 -4.147689745904533 0.0 
-13.44424864708978 -5.764711605078912 0.0 
-15.18751668566453 -4.898105488525025 0.0 
-11.53529276575544 -6.542756913573942 0.0 
-9.429179335682367 -7.201809424008356 0.0 
-7.130357322355986 -7.743662710232497 0.0 
-4.629471057025579 -8.167490763424238 0.0 
-1.987937938331396 -8.4360422990446 0.0 
0.5439790760228432 -8.517765006510672 0.0 
-18.13578027805807 -1.19642808519413e-15 -1.5247839107454 
-17.31609815491162 -1.273798504418524e-15 -2.879397071858812 
-16.48404972497321 -1.33832750030626e-15 -4.147689736967592 
-13.44424868036941 -1.178245071270122e-15 -5.764711587331787 
-15.18751670407061 -1.278017657009003e-15 -4.898105476713423 
-11.53529281889315 -1.046560615535903e-15 -6.542756886977426 
-9.429179403617606 -8.751170711271066e-16 -7.20180938561929 
-7.130357389783562 -6.646946325039705e-16 -7.743662669070422 
-4.629471109034404 -4.140391721674497e-16 -8.167490731744193 
-1.987937972192087 -1.257840333582194e-16 -8.436042277210262 
0.5439790728637807 1.735627103252638e-16 -8.517764997860644 
-18.13578027805806 1.5247839107454 -1.867321735685739e-16 
-17.31609815491162 2.879397071858813 -3.526244407526159e-16 
-16.4840497249732 4.147689736967595 -5.079454960233694e-16 
-13.44424868036941 5.76471158733179 -7.059735593433536e-16 
-15.18751670407059 4.898105476713445 -5.998449193943242e-16 
-11.53529281889315 6.542756886977424 -8.012566279236205e-16 
-9.429179403617606 7.201809385619288 -8.819672812168028e-16 
-7.130357389783562 7.74366266907042 -9.48325170135394e-16 
-4.629471109034403 8.167490731744197 -1.00022913816962e-15 
-1.987937972192088 8.436042277210266 -1.03311721722573e-15 
0.5439790728637803 8.517764997860644 -1.04312536405194e-15 
-18.13578027806215 -8.229637380585946e-16 1.524783910735621 
-17.31609815502406 -5.685496229321521e-16 2.879397071814056 
-16.48404972546281 -3.224365083479969e-16 4.147689736716821 
-13.44424868077323 2.337020473682521e-16 5.764711587341648 
-15.18751670370768 -7.83278180515628e-17 4.898105477807016 
-11.53529281938878 5.559526402499143e-16 6.542756886971041 
-9.429179403960076 8.888174912989748e-16 7.201809385921962 
-7.130357389873262 1.231955707811603e-15 7.743662669560895 
-4.629471109103664 1.586419104233304e-15 8.167490732359772 
-1.987937972230887 1.940450401182584e-15 8.436042278037785 
0.5439790708620796 2.259813438274927e-15 8.517764998660242 
-8.94514054490325 -0.9306992377972407 -7.348247659999886 
-12.25060485031107 -1.016290097358242 -6.12061970434713 
-0.3498182329659712 -8.514346163403856 -1.420549468817783 
-11.47041446451835 -6.520688852825598 -0.9593013261072467 
-1.022212969859844 -1.396485765892892 -8.30170442999621 
-7.770436221187821 -7.434132218206033 -1.419288304988714 
-3.380737696312872 -1.30515686382195 -8.018138651817605 
-5.784034148480353 -7.914992917779014 -1.290667345320132 
3.665720802181968 -5.407494913162616 -6.025984747509729 
-13.8235300848504 -5.486009716263966 -0.902376147144711 
-16.38432516491934 -3.260982112646073 -1.063147247363891 
-16.45969256882622 -0.4790548893965192 -2.727179075764229 
-15.27535293615215 -1.031593410467242 -4.184319271159546 
-18.21591903634914 -1.432693805827916 -0.9873933188366466 
3.722477428452122 -8.027931054628956 -2.344495413668948 
3.717974622802285 -3.179125133545727 -7.654736174583639 
-9.279991945776922 -7.272348676410742 -1.019266281677689 
-13.97963271387993 -1.151862499221223 -5.541734709140135 
3.660385743750185 -6.777917608869226 -4.243660064871304 
-6.694464505263256 -0.9013942044285606 -8.034686798513622 
-4.021030361220714 -8.452402414870598 -1.001585593959682 
-17.63453009661725 -3.040194192620949 -1.003501533354521 
-17.69360589777434 -0.8646677183754012 -2.919014515295983 
-10.69560618201676 -0.88300275851643 -6.991801390091416 
2.064754191784033 -1.465856928659792 -8.26598771744637 
-15.46813372693791 -5.3340933163874 -0.9004705052498264 
-19.01934517485443 -0.6944030332902029 -0.8918339937679063 
-15.37152209113863 -4.074132251329512 -0.5943113203223397 
-16.66913148875422 -0.8230970231276762 -4.334470232441779 
1.757416211769259 -8.187612513637257 -1.477616932255389 
-18.57990888799214 -0.7828221193787641 -1.96593496583759 
3.670148742862274 -1.306707174170168 -8.00517651623103 
-2.648259782863789 -8.34780874760197 -1.504602250676481 
0.5983403708925598 -1.230959472490166 -8.842530230001024 
3.187861923752286 -8.188145968091243 -1.022093276886199 
-16.60135408495111 -4.618174980981201 -0.6375900688217525 
-17.45624019476469 -0.7322834206285641 -1.69460352991277 
-15.1861548097164 -0.7328264497032339 -5.41377294891261 
0.6587549307679719 -0.8361318220735463 -7.623787969874241 
-4.941235838232899 -1.097826184539878 -8.366937174162075 
-10.02003224074446 6.919127424640613 -1.372964163608913 
-11.93277641540153 6.408817083052038 -1.222621844146149 
-8.052829559707508 7.645216862298904 -1.25182348303947 
1.885217005558179 1.47767481850389 -8.211313267452523 
-12.19744889195283 1.133310326300963 -6.258500461671881 
-7.792698387026824 1.44279353958775 -7.20020293678478 
-2.935717025506863 8.261995591194564 -1.337475895092301 
-5.510247090272222 1.316816397292141 -7.983765671577649 
-0.2096939801417289 8.359233014849384 -1.373847160876565 
-13.84744732269771 0.9054568459856741 -5.04035141657064 
-17.0663537254485 1.096296940386167 -3.188876737360432 
3.812540272426988 7.225805456426699 -3.84230141384754 
-16.44807479933626 2.714493369604147 -0.4951860262559566 
-15.26666809589092 4.179539130018234 -1.022119186682763 
-18.02667558874318 1.062635044508646 -1.18467874091512 
3.702749578548522 5.721965549760553 -6.087491742850005 
3.675307478373943 8.058001304950029 -1.420298621006906 
3.884113528380334 2.282585364208277 -7.672936306089603 
-10.04448809741798 1.159997358636527 -6.826282998527296 
-13.95728075511248 5.563295525318849 -1.13512887483266 
-17.67937706217666 2.780293128168343 -0.908463201131954 
3.647624665405436 3.942449625225584 -7.113643044708048 
-15.29432777309233 0.8304690321690064 -5.391899618911475 
-19.01594313710277 0.8925014311586608 -0.6508160124047747 
-15.42916024755783 0.6100447216204992 -3.937799695939475 
-5.494180401957711 8.011569378103285 -1.258932566772437 
-2.871598262307974 1.381871778814046 -8.2783131479392 
-16.66910997372429 4.323648436315221 -0.8263914031546005 
-7.427818693697696 0.9458341841967048 -8.377041262497768 
-18.52695759330649 1.949491838319037 -0.7305446760650108 
3.630390150985194 1.025161047956966 -8.357218789842221 
1.937253870961281 8.347830559548102 -1.529666414920686 
-0.3857508265798615 1.450350069072164 -8.492922876177662 
-13.8505666363138 0.7580109294501651 -6.338891444626722 
-8.758008919848645 0.8364189340361223 -7.808366607485932 
-16.5079784814652 0.620500215342187 -4.673292773470839 
-17.31651426969701 1.667984918566114 -0.5851836909240344 
-18.13319979380688 0.9103111598515929 -2.264987587398898 
-15.18543798709765 5.417359602633596 -0.7300833253723515 
-10.02027078158748 1.372921863953287 6.919087122618359 
-11.9331476167407 1.222761828095237 6.408482258568345 
-8.055032121287995 1.25198367198216 7.645591485990769 
0.2492428563199961 8.337935283909113 1.2328144338259 
-12.55275984401756 6.110774279019075 1.255207268793486 
-1.047320845355794 1.408947757736191 8.292450267394582 
-9.93500636615331 6.731936836798639 1.369740940694086 
-8.073776748062606 7.364522506806594 1.194111019383763 
-3.525608775707874 1.331833592392646 8.049269233740418 
-4.957618831113921 8.056668688975243 1.673440110540034 
-2.734997470872233 8.271470284496177 1.413741981055009 
3.855748316401733 3.928565151217736 7.004472835528897 
-15.68335713377261 4.357865542378431 1.109211681433789 
-17.01589104291624 3.522369954086101 0.9928466834179992 
-16.5037038900148 0.496642107053209 2.689854590850952 
-15.32262450153658 0.8869118681056457 4.098481992097573 
-18.59391483425549 1.312250817614473 1.047567874920132 
3.654095344013496 6.884129916240574 3.938900694450556 
-13.76421327780347 0.9824246125813685 5.696563314446559 
-17.85386919678589 2.362214559184209 1.030339182160615 
-17.93366855708738 0.9494022574300139 2.619805074308892 
-6.455386999289332 8.069248576055992 1.022231539390948 
2.079663861358405 1.446391084886011 8.32754946430997 
-11.01638117395245 6.999415430313411 0.8540095779925855 
3.865770385203421 7.47958078577199 2.320928218059652 
-19.12595255071762 0.628358653552165 0.8697319579304575 
-17.50542757663315 0.8900066249214694 1.221265983503034 
-16.92073554720624 0.7875739520351568 4.062734418373436 
-14.3389783816023 5.351918091807677 1.18968203604419 
-9.751020038715831 7.822788129273498 0.8830155520747066 
3.702204902541102 6.058256184213661 5.716759172636101 
4.16200190587226 8.325987061616116 3.16014935259228 
3.751268632011143 2.57393697654842 8.32084917345299 
-5.678917971084365 1.262842324724907 8.118158290494712 
0.5900946518394588 1.232535779173801 8.850025815695696 
3.481486675606167 8.167391973800793 0.9233329009235217 
-15.33257267346685 0.7134781531195674 5.363058716322775 
3.691954574243476 1.146886014622243 8.29089137274555 
0.6654759063352328 0.8360908034791202 7.62777180044602 
-18.88694055143573 0.5313817340341335 1.831275974159696 
4.09989489929547 1.983793360580866 7.188794373440555 
4.246301826104383 8.725667487775032 1.721961039245007 
-10.45672420499989 -6.871686536180428 1.274628658163331 
-0.2157664354838283 -8.32855555038788 1.40032893101253 
-7.9751414336928 -7.554306002960975 1.223912318173677 
0.3045352830402307 -1.319701465372334 8.459749101003768 
-9.666619982567138 -1.541896974200567 7.130617079679708 
-12.30937643353979 -0.9804388677508763 5.973822924156831 
-12.63496624472763 -6.165146504250147 1.225881983976955 
-3.098200462078498 -1.337392664125514 8.053838769151652 
-7.741548979750182 -1.282845107597571 7.610224451911647 
-2.933011234165841 -8.258448329396748 1.34921907640343 
-5.430206784504589 -1.295063554435336 7.991264923474899 
-15.37445659125462 -4.219697778638697 0.9553306050186613 
-16.24986124436897 -3.01585688413762 0.5545286183617945 
-15.49121804284129 -0.7697637319748362 4.191191865310936 
3.924385891378192 -4.597153317421594 6.703812869135192 
3.621798790018205 -6.208529989247584 5.619759637837685 
-17.19493421262672 -0.7481947368838936 3.622337698883404 
-17.98416794202586 -1.06935535925986 1.163546069754021 
3.985966058415157 -3.049280594519606 7.745863817413942 
3.613906822348163 -8.039919410153592 1.454933192344686 
-13.82604445132885 -0.9900849368393272 6.176850974896836 
1.905138898596061 -8.325397110037365 1.574640940220636 
-9.447960779562056 -7.997894305331639 0.7588393818885941 
-17.77110040370119 -2.578527952443602 0.7154518851027112 
-5.468390294110948 -7.982521333414646 1.292475319848398 
-10.98806349282148 -0.9069955977847425 6.940430182775718 
-16.31739627430355 -0.6547094528152557 4.875479708184236 
3.768345570304953 -7.232370870754426 3.553017036618859 
3.467904061477827 -0.9847026134845328 8.020198358290736 
-19.01314967816441 -0.9033154875572414 0.6470459716329199 
-14.00171909668055 -0.7283361632013506 4.832662552859288 
-1.391691209759325 -1.055527874833409 8.61432991474507 
-16.8868280900729 -4.068578859740463 0.8278551181438767 
-18.36966843988868 -0.7753324289526635 2.331986067709471 
-14.10204255232887 -5.308974553950304 1.004639452758281 
-15.03689144486585 -0.632854535617204 5.636668988095888 
-18.70663834646965 -1.842242335007714 0.7905793130128749 
-17.31088134430489 -0.9557306219468433 2.355435053003182 
-15.7130260017456 -5.223810000672116 0.7000953988707753 
-16.652950741659282 -0.9492873032381409 -0.45215542533145997 
-16.65295073550037 -0.9492873095311619 0.45215543162448135 
-16.65295074384426 -0.45215542532308195 -0.9492872991206734 
-16.65295073562764 0.4521554337228047 -0.9492873075120191 
-16.65295073562764 0.949287307512018 -0.45215543372280576 
-16.652950736911166 0.949287306200544 0.45215543241133127 
-16.652950736911166 0.4521554324113308 0.9492873062005446 
-16.652950737685348 -0.4521554316161029 0.9492873054136947 
3.3677894096000713 -6.74587551446075 -0.6592066016631449 
3.367789413519281 -6.745875515201469 0.6592065981928097 
4.322679705378281 -6.4913919626090655 -1.512639714163071 
4.32267970929749 -6.491391965256928 1.5126397060884864 
3.386040998557899 -0.6394421011578479 -6.750298244114412 
3.367789409556701 0.6592066018573594 -6.745875514398075 
4.340931294660405 -1.4928752087187134 -6.495814694291647 
4.3226797056592074 1.5126397143572852 -6.491391962529483 
3.3860409995835545 6.750298243568888 -0.6394421027652403 
3.3677894086311095 6.745875514844926 0.659206600600985 
4.340931295686062 6.495814693746122 -1.4928752103261056 
4.322679704733616 6.491391962753311 1.5126397136393395 
3.3860410020414626 0.6394421062143157 6.750298242378406 
3.3860409951885306 -0.6394421048655932 6.750298243300347 
4.3409312981439685 1.4928752129525649 6.495814692896379 
4.340931291291038 -1.492875217173036 6.495814691511485 
-15.851681363373809 -2.2935339476864933 -0.5005871953870887 
-15.851681355500896 -2.293533954691003 0.5005871971625236 
-16.120186679403506 -1.800774509625926 -0.9527426207185486 
-16.12018666537168 -1.8007745229234569 0.952742628787005 
-14.617768536171015 -3.450169979962468 -0.43952348117132334 
-14.614664762038188 -3.4396144794834274 0.47242591506299997 
-15.07183751813052 -2.9859243981857944 -0.9401106765584121 
-15.068733736124779 -2.9753689047112633 0.9730131122255236 
-13.105260017641207 -4.326663115394493 -0.5538686278811373 
-13.105260017648002 -4.326663115392442 0.5538686278772583 
-13.779831619297736 -3.8978289986606502 -0.9933921090524608 
-13.776727845171706 -3.887273498179559 1.0262945429402583 
-11.210837287228443 -5.12855107963659 -0.6237260238142023 
-11.210837286406873 -5.128551080153396 0.6237260232791096 
-12.141543086118451 -4.6583535374695995 -1.1775946516953397 
-12.141543085303676 -4.658353537984354 1.177594651156368 
-9.107671284826258 -5.793023778423657 -0.6249765135466679 
-9.097859685682753 -5.796058111949215 0.623865892915274 
-10.139906161332588 -5.385419743835118 -1.2487025373608702 
-10.130094561367512 -5.388454077877481 1.2475919161943836 
-6.833178763854185 -6.29018455609138 -0.6620048297225486 
-6.83186181195973 -6.290881780866527 0.6606145539902617 
-7.941058685270396 -5.967633711894472 -1.2869813432692165 
-7.929930134232438 -5.971365270195174 1.2844804469055358 
-4.456572763580639 -6.630807657235838 -0.6968104502763106 
-4.456572763596575 -6.6308076572413945 0.6968104502534976 
-5.627151231787271 -6.377257455832452 -1.3588152799988593 
-5.6258342799087515 -6.377954680613153 1.3574250042437592 
-1.906633703745843 -6.822819956060812 -0.7329978386779658 
-1.8991012863420298 -6.822139223851324 0.7361221639407209 
-3.1815269764008307 -6.633083885305936 -1.4298082889542763 
-3.1739945590129532 -6.632403153102005 1.4329326141942185 
0.7513584693586669 -6.854495985394813 -0.748372271646547 
0.7564147457199781 -6.85303554089657 0.7523878561490434 
-0.5887049185506158 -6.73969482695706 -1.481370110324513 
-0.5761162247854913 -6.737553650249329 1.4885100200897643 
1.9436658511040175 -6.72355375497211 -1.4075788733096921 
1.9487221313845382 -6.722093311214588 1.411594454341853 
0.7808604458740459 -0.7042866926311021 -6.868372822427994 
0.751358469078744 0.7483722719242566 -6.854495985057082 
1.9914194246800354 -1.3437287937889495 -6.741853321756838 
1.9436658588835358 1.4075788737816166 -6.723553754669588 
-1.912324772682825 -0.7305863489879673 -6.823345205981428 
-1.9066337420527109 0.7329978378791348 -6.822819954279435 
-0.5648939882856178 -1.4348730416190687 -6.754096915169442 
-0.5887049344508052 1.481370109803392 -6.739694826096539 
-4.476015643260188 -0.6443088375439175 -6.6449070020829195 
-4.4565728160710005 0.6968104551753961 -6.630807649431627 
-3.2066608820333617 -1.374895186531884 -6.6477084843771115 
-3.1815270242140596 1.429808293054532 -6.633083880023826 
-6.854414018870233 -0.6389696622716013 -6.293548548061178 
-6.833178821075812 0.6620048311858023 -6.290184544858749 
-5.667829305546871 -1.283278499815518 -6.394720802535623 
-5.627151280563262 1.3588152863611995 -6.377257446681902 
-9.117924902675933 -0.65789660297427 -5.778913680454817 
-9.107671365627361 0.6249765128947287 -5.793023756827156 
-7.972547482514162 -1.2968662652458705 -5.956887623712618 
-7.941058747671168 1.286981344080532 -5.967633696882529 
-11.212119402785708 -0.5923246626566948 -5.139613010884738 
-11.21083736394273 0.6237260247827016 -5.128551051069004 
-10.151441818423569 -1.250221265630964 -5.382371601019788 
-10.13990624253202 1.2487025376774312 -5.385419717576393 
-13.085092879545634 -0.5157832528411225 -4.351704656646462 
-13.105260070772063 0.5538686223711259 -4.3266630906159085 
-12.12265799912567 -1.108107915497816 -4.6944570365413325 
-12.14154315150912 1.1775946471538286 -4.658353510695044 
-14.714593240058633 -0.5086776796708641 -3.352262566559608 
-14.617768562617814 0.4395234751878873 -3.4501699634216663 
-13.856489142514826 -1.0244609325119853 -3.8249631508603983 
-13.779831656300438 0.9933920975590143 -3.8978289816919016 
-15.957567892252953 -0.43103511462531435 -2.2189553732547616 
-15.851681363304968 0.500587197252814 -2.2935339454520522 
-15.274548727453045 -0.9397127942961774 -2.8134384297115296 
-15.071837521064237 0.9401106724407023 -2.985924398770878 
-16.22607320089242 -0.8831905399483952 -1.7261959420731923 
-16.12018666372781 0.9527426309756196 -1.8007745226618284 
4.12307099440294 -5.528835083038042 -3.7573330054717995 
3.4457506997812204 -6.152790305735553 -2.8396008379061386 
4.255247386403876 -3.709431548627992 -5.551556652898301 
3.3783183808068156 -4.747524973701523 -4.818147986395735 
3.596178681064282 -2.7719348875820025 -6.1799345982075975 
0.7808604544210698 6.868372823488909 -0.7042866887246676 
0.7513584689545612 6.854495985135095 0.748372271700934 
1.9914194342527154 6.7418533222722274 -1.343728791489907 
1.9436658578337613 6.723553755194452 1.4075788723019198 
-1.9123247726828252 6.823345205981428 -0.7305863489879676 
-1.906633741774285 6.8228199544565085 0.7329978373881231 
-0.5648939797385935 6.754096916230357 -1.4348730377126344 
-0.5887049342965617 6.739694826351624 1.4813701090890579 
-4.476015646750639 6.644907001318113 -0.6443088387280829 
-4.456572816071001 6.630807649431627 0.6968104551753957 
-3.206660885523812 6.647708483612305 -1.3748951877160496 
-3.1815270239356344 6.6330838802009 1.4298082925635196 
-6.8544140308866135 6.293548543884199 -0.6389696683830105 
-6.833178819084555 6.2901845449769525 0.6620048319674491 
-5.667829321053701 6.3947207975938385 -1.2832785071110926 
-5.627151278572005 6.377257446800105 1.3588152871428456 
-9.117924912474013 5.778913675688045 -0.6578966088293711 
-9.107671365056547 5.793023757054751 0.6249765126781419 
-7.97254750432862 5.956887614768867 -1.296866277212381 
-7.941058745109096 5.967633697228325 1.2869813446455918 
-11.212119402785703 5.13961301088474 -0.5923246626566941 
-11.210837363283943 5.128551051476727 0.6237260243712835 
-10.151441828221644 5.382371596253017 -1.2502212714860645 
-10.139906241302418 5.38541971821171 1.2487025370494262 
-13.085092881390219 4.3517046561733 -0.5157832515202353 
-13.105260070772063 4.3266630906159085 0.5538686223711267 
-12.122658000970254 4.694457036068171 -1.108107914176929 
-12.141543150850337 4.658353511102766 1.1775946467424108 
-14.714593244556562 3.352262564182942 -0.5086776774945786 
-14.61776856386084 3.4501699624769535 0.43952347546375736 
-13.856489148857344 3.8249631480105712 -1.0244609290148134 
-13.779831657543463 3.89782898074719 0.9933920978348846 
-15.957567891298943 2.2189553748671416 -0.43103511368543046 
-15.851681364749831 2.293533944072625 0.5005871970867589 
-15.274548730996964 2.8134384289472454 -0.9397127911800087 
-15.07183752375213 2.9859243964467397 0.9401106725505165 
-16.226073191721788 1.7261959520769181 -0.883190547408236 
-16.120186666456203 1.8007745199709273 0.9527426294980903 
4.12307100005297 3.7573330066288158 -5.528835081826398 
3.4457507057121783 2.8396008392573697 -6.152790304444324 
4.255247386403876 5.551556652898301 -3.7094315486279914 
3.378318386456846 4.81814798755275 -4.747524972489878 
3.5961786820899384 6.179934597662071 -2.7719348891893936 
0.780860456414159 0.7042866873238361 6.868372823891602 
0.7880344705179235 -0.70622287281495 6.867607159494256 
1.991419438703712 1.3437287935381506 6.741853321484438 
1.9985934459545451 -1.3456649776805445 6.741087658009033 
-1.9123247726828245 0.7305863489879676 6.823345205981428 
-1.915227083615611 -0.7473554002622694 6.817564343128453 
-0.5648939777455043 1.4348730363118027 6.75409691663305 
-0.5606222745745256 -1.4535782730772204 6.74755038938273 
-4.476015646884939 0.6443088373878032 6.644907001702798 
-4.498764723594948 -0.6631463509059882 6.636480500431259 
-3.206660885658112 1.3748951863757701 6.647708483996991 
-3.2323122733009075 -1.4105017511682583 6.633501119872477 
-6.854414030849161 0.6389696669336341 6.293548544345062 
-6.864524116308826 -0.6403803327072667 6.2911963856732065 
-5.667829321150549 1.2832785043214365 6.394720798439387 
-5.700688483320223 -1.3035266836132555 6.383942138495992 
-9.117924912474013 0.657896608829371 5.778913675688045 
-9.112041767896041 -0.651720476560495 5.782700629379053 
-7.972547504291168 1.2968662757630045 5.956887615229731 
-7.976774445172861 -1.2921008092677624 5.958322410248883 
-11.212119402785703 0.5923246626566938 5.139613010884738 
-11.212119402785689 -0.5923246626567206 5.139613010884735 
-10.151441828221644 1.2502212714860643 5.382371596253016 
-10.145558683643658 -1.244045139217216 5.386158549944021 
-13.08509288134662 0.515783251435688 4.351704656226606 
-13.093256214083203 -0.5343284231070707 4.340567276988854 
-12.122658000926654 1.1081079140923817 4.694457036121476 
-12.130821333663222 -1.1266530857637915 4.683319656883721 
-14.71459324441266 0.5086776781792536 3.3522625639723778 
-14.735561672320372 -0.4744937417389435 3.351815201452416 
-13.856489148669839 1.0244609296149416 3.8249631478533104 
-13.885620909314136 -1.0088221648460143 3.813378406095597 
-15.957567892097293 0.4310351144719537 2.218955373517849 
-15.992979451835291 -0.3402308027588776 2.2233846421446724 
-15.274548731651409 0.9397127926512076 2.813438427387386 
-15.330928719297125 -0.8147245444978207 2.817420333494248 
-16.22607319380366 0.8831905468832851 1.726195949416151 
-16.261484754315845 -0.7923862343749799 1.7306252172561243 
4.123071000577448 5.528835082173585 3.75733300623015 
3.4457507053110654 6.152790305406086 2.839600837434609 
4.25524738651448 3.7094315471495456 5.551556653723871 
3.378318387091929 4.7475249725719815 4.818147986932769 
3.5961786846584496 2.7719348913277453 6.179934597129441 
4.255247384345325 -3.7094315666896747 5.551556639925316 
3.5961786756363634 -2.7719349024859543 6.179934591286024 
4.12596859613715 -5.52852029276913 3.7574887543697764 
3.381215980482476 -4.747210187975098 4.81830373575655 
3.448648305434641 -6.152475509341882 2.8397565901992574 
-7.876248315581719 -2.5422090788272578 -5.562681952395283 
-6.82928376919956 -3.0592507576204304 -5.546274623308701 
-5.73899822280864 -2.45821678158296 -6.041652549100483 
-3.5302161878167673 -2.679094805380478 -6.203853541177228 
-2.699025448696539 -3.445906824319193 -5.8855749783244065 
-0.2668999894801242 -2.805480172804272 -6.310209132363684 
-1.2050514699781527 -3.512314336655802 -5.926446795965468 
-9.975235354649904 -2.4518229846683064 -5.011147539914558 
-10.803234879938854 -2.993085507374935 -4.372326155824949 
-11.889979940052479 -2.3072670411787137 -4.298394242586773 
-3.176694030197075 -6.1837951870757095 -2.7930681398596193 
-4.452217332208195 -5.718813738433081 -3.4089366610892795 
-5.627628746618583 -5.914552235259921 -2.7076816399064847 
-7.939095794361307 -5.597255167726103 -2.4646406812824844 
-10.042290344993829 -5.100702560410922 -2.2932159064575663 
-9.00809257757841 -5.137928050831094 -2.847149220656632 
-0.5525913324686571 -6.30142694327088 -2.843032135022275 
0.8654333456217751 -5.992901294291538 -3.4369954200873765 
2.0216271412851667 -6.300226947555014 -2.734539997052759 
-14.573233943573205 -2.3197399734974447 -2.571032019322173 
-15.227231863923308 -1.7912000006839621 -2.369110768585589 
-13.762446709559134 -1.9840360199507814 -3.488060264748903 
-11.908865048360953 -4.239156218002295 -2.399888293772826 
-12.778539560797038 -3.5513080952015255 -2.754992163647726 
-13.685789200211067 -3.541671297934988 -1.9722220027415631 
1.806684695466726 -4.541193342682889 -5.129157649570428 
1.2889921271859224 -3.353953502679594 -6.023879792977696 
2.2015571071864186 -2.622788472652238 -6.3412480751123 
-15.82341650470581 -1.7346777463361802 -1.729651263671067 
-14.476409260944846 -3.000584622240942 -1.9189405702475144 
-1.8656871714601289 -5.935263374144405 -3.4579197142810707 
-4.373304047244615 -4.8809132127125014 -4.559202825575406 
-3.1356001159218945 -4.5569633362240225 -5.048257396419902 
-1.9035065421485289 -5.146332049013298 -4.562842806355227 
-5.277253058507855 -4.214208633587148 -5.040650671750577 
-6.831693387776407 -5.457100791350483 -3.188530527643442 
-7.1733119157655345 -4.6650622472122345 -4.187347265734055 
-6.465894734336421 -4.155351828319941 -4.854395624801302 
-4.870739866305363 -3.1234467381599536 -5.847983805447895 
0.7179232187777397 -5.155701995457471 -4.5765715808443295 
-0.7379208300010927 -4.675296319305706 -5.0875313878533825 
-8.84541927196983 -3.1048411355930003 -5.013483948032252 
-10.400797052486752 -3.9788150855428666 -3.758354365226177 
-8.505871907016784 -4.131593233278466 -4.330028259878424 
-9.233250162244758 -4.464304660521704 -3.713720061161959 
-10.880543433132189 -4.4246365767450895 -2.8905330349883847 
-12.758372387516749 -2.674517465960816 -3.6187389765804077 
-7.876248336773581 5.5626819414828175 -2.5422090936386357 
-6.8292837768849495 5.546274615630161 -3.0592507700399874 
-5.738998234607077 6.04165254262585 -2.458216792341815 
-3.5302161740627906 6.2038535483097546 -2.679094798516211 
-2.6990254040697885 5.885574986241045 -3.4459068184371513 
-0.2668999759661937 6.310209136348715 -2.8054801648116103 
-1.2050514376289223 5.926446798908889 -3.5123143347359664 
-9.97523537486426 5.011147531479177 -2.45182299032052 
-10.803234908332756 4.3723261466894785 -2.9930855029595285 
-11.889979959874692 4.298394236646749 -2.307267035645307 
-3.1766940482451624 2.793068146325288 -6.1837951826996 
-4.452217336056716 3.4089366737279576 -5.718813730060263 
-5.6276287765178745 2.707681651643004 -5.914552224634765 
-7.939095851849061 2.4646406778873846 -5.597255155733225 
-10.042290422089645 2.2932159024040493 -5.100702537172977 
-9.008092649362881 2.8471492114281993 -5.137928035274439 
-0.5525913303217019 2.843032135646237 -6.301426941855131 
0.8654333693633244 3.4369954226671857 -5.992901292170029 
2.021627155039013 2.7345399986817007 -6.300226946023943 
-14.573233950050627 2.5710320187140727 -2.319739970763999 
-15.22723185782317 2.369110769687031 -1.7912000063298177 
-13.7624467275252 3.4880602618019148 -1.984036007134425 
-11.908865110413558 2.399888283764453 -4.239156196131376 
-12.778539608344355 2.7549921525736925 -3.551308074371255 
-13.685789234968292 1.9722219911509562 -3.5416712800109162 
1.806684706083663 5.129157653651561 -4.5411933373850175 
1.2889921406998532 6.023879796962728 -3.3539534946869316 
2.201557116759099 6.341248075627689 -2.622788470353195 
-15.823416485891123 1.72965127554052 -1.7346777625580454 
-14.476409268111878 1.9189405660326446 -3.00058462037746 
-1.8656871619547104 3.4579197169927363 -5.935263372713801 
-4.373304016563835 4.559202841212333 -4.880913199906774 
-3.135600056113793 5.048257406701954 -4.556963330087279 
-1.9035064893162223 4.562842809885027 -5.146332050254968 
-5.277253039300033 5.040650683489243 -4.214208624499402 
-6.8316934212083185 3.1885305302744595 -5.45710078166231 
-7.173311937705431 4.187347264933103 -4.665062242875967 
-6.465894731750427 4.854395626673919 -4.155351830125495 
-4.870739848842994 5.847983811047574 -3.1234467347589665 
0.7179232396633064 4.5765715860705445 -5.1557019894895815 
-0.737920787383232 5.087531391941886 -4.67529631671585 
-8.845419291561589 5.013483937628156 -3.104841144090081 
-10.400797106046795 3.758354351720628 -3.9788150750566444 
-8.505871937627964 4.330028250034684 -4.1315932332419045 
-9.233250218644672 3.7137200489168563 -4.464304651569461 
-10.880543502404791 2.8905330261199444 -4.424636556101921 
-12.758372418962514 3.618738970543223 -2.6745174511082257 
-7.876248336736129 2.542209092189259 5.56268194194368 
-6.829283776365536 3.0592507691434743 5.546274615826359 
-5.738998234221964 2.458216790105022 6.041652543206735 
-3.5302161740225144 2.679094796654798 6.203853549084825 
-2.699025403973014 3.4459068126139853 5.885574990697447 
-0.26689997361482093 2.8054801632655058 6.310209136853814 
-1.2050514373484411 3.5123143292886603 5.926446803077315 
-9.975235376523129 2.451822990114423 5.0111475310349265 
-10.803234910649541 2.9930855017911604 4.372326146837972 
-11.889979960489006 2.3072670345984894 4.298394237292798 
-3.176694047967352 6.18379518285465 2.793068145863947 
-4.452217331847815 5.7188137314174385 3.4089366729908996 
-5.6276287703170995 5.914552226132166 2.7076816516579227 
-7.939095850561903 5.597255157169858 2.464640676399726 
-10.042290421499791 5.100702540154324 2.293215897887407 
-9.008092650706727 5.137928038938898 2.847149205270257 
-0.5525913321527794 6.301426942132149 2.843032134860156 
0.8654333677782994 5.9929012930079075 3.4369954212673015 
2.0216271545137174 6.300226947286738 2.73453999609719 
-14.573233950803422 2.3197399705672357 2.571032018284688 
-15.227231859922483 1.7912000064215905 2.369110767961116 
-13.762446726789529 1.9840360082325408 3.4880602615918916 
-11.908865110412691 4.239156195576829 2.3998882839457796 
-12.778539608454105 3.551308073906972 2.754992153113674 
-13.685789235663153 3.5416712795641914 1.972221991374063 
1.8066847070770293 4.541193337489569 5.129157652966265 
1.2889921431618296 3.353953492652719 6.023879797784939 
2.2015571213206995 2.622788471913331 6.3412480751570115 
-15.823416489417866 1.7346777606536683 1.7296512727136968 
-14.476409270251603 3.000584618551309 1.918940566089695 
-1.865687163662221 5.935263372890784 3.457919716459648 
-4.3733040121803555 4.880913200742817 4.559202840865659 
-3.1356000560176334 4.556963324242088 5.048257411188027 
-1.9035064913799618 5.146332044952845 4.562842813908969 
-5.2772530344339765 4.214208625910332 5.040650682848234 
-6.831693416282458 5.457100784250547 3.1885305282366603 
-7.173311934770826 4.665062245346002 4.187347262113657 
-6.465894727058948 4.1553518320575575 4.854395625642525 
-4.870739848320755 3.123446733450417 5.84798381155798 
0.7179232385607476 5.155701990104173 4.5765715849963895 
-0.7379207890880721 4.675296311290477 5.087531396038566 
-8.845419293220461 3.1048411438839842 5.0134839371839055 
-10.400797109003328 3.9788150762343064 3.7583543479804846 
-8.505871940561747 4.131593234126643 4.330028247537716 
-9.233250222218201 4.464304654800228 3.71372004253125 
-10.880543503043668 4.424636557893404 2.890533022412633 
-12.758372419028666 2.6745174505593945 3.618738971136509 
-7.932347380057961 -2.5287943668160895 5.556723322541074 
-6.913238145491666 -3.0610206971413327 5.526733605107278 
-5.793829577617964 -2.487473490498994 6.021078445637872 
-3.531018338998557 -2.7158190796124573 6.192017766304768 
-2.6619077420750625 -3.4588646883246437 5.886859030752583 
-0.2598907571037276 -2.821925827989503 6.305277264235386 
-1.1900454847771273 -3.521894914792727 5.926973916419886 
-9.978824925240472 -2.4437379933210863 5.012979757324156 
-10.863563519084877 -2.9578074921925825 4.3753082089500674 
-11.948999208365597 -2.2924430611957827 4.292193647568917 
-3.15803259497256 -6.1839305935958935 2.7965637200091016 
-4.443310731918175 -5.719066509008893 3.409500307521329 
-5.628534212270744 -5.914686091886761 2.7064837556967074 
-7.908133494658794 -5.61106321611081 2.455292211798016 
-10.032478747670973 -5.10373690325703 2.2921052705685763 
-8.978447232412572 -5.151038883244399 2.8391910121819475 
-0.5348856009996865 -6.298540027037681 2.8513130884812163 
0.8785042614211429 -5.990380311226294 3.442307808651266 
2.029581023299898 -6.298451704755959 2.738711338452624 
-14.594202380503708 -2.2855560398334114 2.5705846487108768 
-15.283611847894472 -1.6662117578901157 2.3730926741437424 
-13.79157848890012 -1.9683972495481872 3.476475512704564 
-11.959720981321743 -4.205787068268143 2.4048250778736104 
-12.829395507121077 -3.517938942213945 2.759928941004065 
-13.682685438626715 -3.531115794717273 2.0051244293498227 
1.812319813807691 -4.538618973818065 5.130928063455136 
1.298903668436555 -3.3536301130401505 6.024728783560962 
2.208731126402378 -2.624724662993463 6.340482407223084 
-15.858828050256323 -1.643873447767275 1.7340805406294348 
-14.473305491480781 -2.9900291260297873 1.9518429986350878 
-1.8419086985158317 -5.934653041133564 3.4625563381470563 
-4.339548206852903 -4.882283692878359 4.562138061662442 
-3.084451080530995 -4.553968287679285 5.055693566610593 
-1.8720897091395383 -5.141473551347486 4.569048430607434 
-5.276598412988753 -4.223771500147187 5.033419213505095 
-6.812765104748078 -5.46731113805577 3.18048507033569 
-7.207572686449204 -4.6659261131093155 4.173298667768118 
-6.541961430720614 -4.155147729251315 4.837399160533173 
-4.8906118835903385 -3.152410486235926 5.8321334540054295 
0.7286753768811008 -5.152381880617547 4.579483042564138 
-0.7148954961634352 -4.667362106642856 5.094980414854465 
-8.900880944377954 -3.0881068882126925 5.007922749051382 
-10.461125694275013 -3.943537079164233 3.7613364036287957 
-8.54738296554025 -4.131111602395936 4.31383253885253 
-9.222889121592901 -4.47247229447598 3.7049177418040338 
-10.931399368728401 -4.391267435816733 2.8954698043705442 
-12.817391668371561 -2.6596934832412353 3.6125383742830173 
-19.792063609846817 -0.9718790714839834 -0.46262820765584595 
-19.79206361261869 -0.971879066587977 0.462628202760114 
-19.792063609846817 -0.4626282076558472 -0.9718790714839823 
-19.792063610761712 0.46262820603989946 -0.9718790698680374 
-19.792063610761712 0.9718790698680358 -0.4626282060399011 
-19.792063611058765 0.9718790693432199 0.4626282055153586 
-19.79206361105736 0.4626282055150836 0.971879069348041 
-19.792063612617284 -0.46262820275984073 0.9718790665927962 
3.3865106533881963 -9.778205819475579 -0.6166946619252226 
3.392866008034455 -9.779909900242217 0.6050001085103011 
4.3549342130451665 -9.580717980031057 -1.4520295399699101 
4.361289567691426 -9.582422061978223 1.4403349821491946 
3.3928660082646025 -0.6050001084650348 -9.779909900232406 
3.386510652687699 0.6166946621910846 -9.7782058194802 
4.361289567921573 -1.4403349817335915 -9.582422062067645 
4.354934212344669 1.4520295402357721 -9.580717980035677 
3.3928660082646016 9.779909900232406 -0.6050001084650355 
3.3865106523434396 9.778205819510207 0.6166946621762155 
4.361289567921573 9.582422062067645 -1.4403349817335922 
4.35493421200041 9.580717980065684 1.452029540220903 
3.392866007297501 0.6050001082460528 9.779909900327848 
3.3865106521072614 -0.6166946602722475 9.778205819869846 
4.361289567787156 1.4403349815146094 9.582422062119239 
4.354934212596916 -1.4520295381553041 9.580717980424787 
-19.31579408458681 -2.3899739651426914 -0.4409852809780546 
-19.334151458923966 -2.394217914912876 0.3584401949468547 
-19.50199039487366 -1.838716473207444 -0.9036134886339006 
-19.52034777198269 -1.8429604180816221 0.8210683977069687 
-18.44922474624262 -3.7116879233502815 -0.49918850620429095 
-18.449224746240464 -3.711687923352726 0.4991885062049403 
-18.85267404543824 -3.098154309253323 -0.9401737871823457 
-18.871031419773242 -3.1023982590259522 0.857628701151795 
-17.134467707909497 -5.031954342774971 -0.5571352838672877 
-17.11211892972047 -5.050435584194023 0.558692969823594 
-17.775239750818788 -4.354356044291947 -1.0563237900715787 
-17.752890972627604 -4.372837285713442 1.0578814760285342 
-15.559875358635836 -6.178729702147745 -0.569056112068114 
-15.559875358633233 -6.178729702148362 0.569056112071816 
-16.32822585912852 -5.579652950609088 -1.1261913959354015 
-16.30587708093689 -5.5981341920287555 1.12774908189541 
-13.701659777642055 -7.184769958647757 -0.6165993308142703 
-13.727319553884668 -7.168602001814364 0.6309644401189191 
-14.607433404582038 -6.649286050366897 -1.1856554428823844 
-14.633093180822046 -6.633118093534121 1.200020552190735 
-11.689570127276987 -8.020447364811439 -0.637022103812057 
-11.72403291265532 -8.0198139229598 0.5848636894803777 
-12.668362731768438 -7.565632205740406 -1.2536214346263275 
-12.728485293389383 -7.548830807055374 1.2158281295992968 
-9.472296129559135 -8.714199942002807 -0.6690712137675483 
-9.564188411772534 -8.699788625465473 0.6199232999979907 
-10.555250213595869 -8.323812311273281 -1.3060933175796052 
-10.6816052811876 -8.308767552884312 1.2047869894783683 
-7.138754785286405 -9.246643811574046 -0.6995061390888954 
-7.218427302454536 -9.240086296554521 0.6583010272846817 
-8.282519203450445 -8.93111120745334 -1.3685773528564436 
-8.454084002831975 -8.910142375896482 1.2782243272826723 
-4.637294249246231 -9.62820313900736 -0.7351663390013637 
-4.746221012738878 -9.61814638251828 0.7196770922070107 
-5.871206902897736 -9.38037955691515 -1.434672478090259 
-6.059806183558514 -9.363765285406547 1.3779781194916925 
-2.0328380742062007 -9.845918806497606 -0.754746238321681 
-2.1131053828549384 -9.852779214442887 0.7048751646007313 
-3.3226034716673998 -9.675271386684239 -1.4899125773230448 
-3.511797543808784 -9.672075038140441 1.4245522568077422 
0.7241920633754715 -9.881201794886314 -0.7932695146357948 
0.6935213664799488 -9.883229574463792 0.7873486381187423 
-0.642404610987167 -9.795721087073677 -1.5480157529574756 
-0.7533426165314271 -9.804609274596437 1.4922238027194734 
1.9806872867232637 -9.785657839466856 -1.4099641765610176 
1.956371944474 -9.789389699810974 1.3923487466290432 
-19.334151464594754 -0.35844018195583094 -2.394217909850664 
-19.315794084904045 0.44098528140056875 -2.389973964344328 
-19.520347774881603 -0.8210683896116767 -1.8429604179154166 
-19.501990396105793 0.9036134874404697 -1.8387164707931352 
-18.449224746240464 -0.49918850620494193 -3.711687923352727 
-18.44922474624262 0.49918850620428934 -3.7116879233502806 
-18.87103142544403 -0.8576286881607714 -3.102398253963743 
-18.85267404575548 0.9401737876048596 -3.09815430845496 
-17.11211893089688 -0.5586929699436923 -5.050435583161156 
-17.134467707841157 0.5571352840140226 -5.031954342784165 
-17.752890973804014 -1.0578814761486328 -4.372837284680578 
-17.775239750750448 1.0563237902183136 -4.3543560443011415 
-15.559875358633233 -0.569056112071818 -6.178729702148364 
-15.559875358635836 0.5690561120681122 -6.178729702147744 
-16.3058770821133 -1.127749082015509 -5.59813419099589 
-16.328225859060183 1.1261913960821364 -5.579652950618281 
-13.72731955954639 -0.63096444388686 -7.168601998056587 
-13.70165977782547 0.6165993305056793 -7.184769958640342 
-14.63309318648377 -1.2000205559586765 -6.633118089776346 
-14.607433404765453 1.185655442573793 -6.649286050359482 
-11.724032908844356 -0.5848636924597453 -8.019813923711867 
-11.68957012694689 0.6370221037552464 -8.020447364946458 
-12.728485295240143 -1.2158281363466037 -7.548830804049665 
-12.668362731621755 1.2536214342609273 -7.565632205868012 
-9.56418841053862 -0.6199233024587416 -8.699788625278769 
-9.472296129120641 0.6690712140014105 -8.714199942067788 
-10.681605276142724 -1.2047869949184855 -8.308767553449675 
-10.555250212827278 1.3060933177566583 -8.323812311473285 
-7.218427305841118 -0.6583010289199496 -9.240086295516827 
-7.138754786145661 0.6995061390625548 -9.246643811412952 
-8.454084004984642 -1.2782243313786898 -8.910142374672084 
-8.282519203871205 1.3685773530639664 -8.931111207357228 
-4.74622101527756 -0.7196770911694395 -9.618146382426211 
-4.637294246867364 0.7351663387908293 -9.628203139343215 
-6.059806189483779 -1.377978120089388 -9.363765284276782 
-5.871206901378124 1.4346724778533853 -9.380379557089915 
-2.113105392562458 -0.7048751591165531 -9.852779215075955 
-2.032838074253284 0.7547462382404598 -9.84591880651415 
-3.5117975560549866 -1.4245522502859913 -9.67207503868144 
-3.322603469335615 1.48991257703129 -9.675271387036643 
0.6935213664799523 -0.7873486381187426 -9.883229574463794 
0.7241920608641955 0.7932695149945924 -9.881201794848954 
-0.753342626238943 -1.4922237972352945 -9.804609275229504 
-0.6424046135455254 1.5480157532350534 -9.795721087052861 
1.9563719447041512 -1.3923487465837765 -9.789389699801164 
1.9806872835114906 1.409964177185678 -9.785657839434117 
4.274880615973687 -8.953654322372973 -3.730270619603438 
3.6298148290188537 -9.394289012249498 -2.733222216932353 
4.437505284125096 -7.67067192686551 -5.915954706628562 
3.712385900098783 -8.429551763157738 -4.914970055480349 
4.340702028682652 -5.869304071062593 -7.716044213580486 
3.7782073128077482 -6.848970654116388 -6.940993552956613 
4.277204930895853 -3.7118397648084414 -8.961173934187082 
3.617906959578505 -4.84988858854284 -8.48244364526874 
3.638494498817426 -2.7030968169795657 -9.403512700027042 
-19.334151464528677 2.3942179097267466 -0.3584401825516832 
-19.31579408532119 2.389973963033879 0.4409852824685274 
-19.520347775730425 1.8429604161755542 -0.8210683885915842 
-19.50199039681999 1.8387164689578703 0.9036134879838862 
-18.449224746240464 3.7116879233527253 -0.49918850620494126 
-18.44922474624262 3.7116879233502793 0.4991885062042904 
-18.871031425377954 3.1023982538398247 -0.8576286887566241 
-18.852674046172623 3.0981543071445112 0.9401737886728182 
-17.11211893223061 5.050435582225231 -0.5586929693750785 
-17.13446770769869 5.03195434303887 0.557135283619613 
-17.75289097513775 4.372837283744652 -1.0578814755800192 
-17.77523975060798 4.354356044555845 1.056323789823904 
-15.559875358633233 6.178729702148363 -0.5690561120718175 
-15.559875358635836 6.178729702147744 0.5690561120681131 
-16.305877083447033 5.598134190059967 -1.1277490814468953 
-16.328225858917715 5.579652950872986 1.1261913956877267 
-13.72731955954639 7.168601998056585 -0.6309644438868599 
-13.701659777600716 7.184769958787587 0.6165993303537715 
-14.63309318648377 6.633118089776345 -1.2000205559586767 
-14.607433404540695 6.649286050506728 1.1856554424218855 
-11.72403290943621 8.019813923334716 -0.5848636931703963 
-11.689570126785886 8.02044736504063 0.6370221036103577 
-12.728485295831996 7.548830803672512 -1.2158281370572552 
-12.668362731235996 7.565632206109427 1.25362143396413 
-9.56418841014415 8.699788625133278 -0.6199233036402381 
-9.472296131118101 8.714199941618658 0.6690712135921952 
-10.681605276340107 8.308767552927032 -1.2047869968106333 
-10.555250214663733 8.323812311118324 1.306093317202554 
-7.21842730512125 9.240086295669668 -0.6583010288842004 
-7.138754786723034 9.246643811248276 0.6995061392898813 
-8.454084003870305 8.910142374679433 -1.2782243325244373 
-8.282519206446038 8.931111206743422 1.3685773528820775 
-4.74622101536523 9.618146382348526 -0.7196770914597751 
-4.637294246005362 9.62820313937552 0.73516633909888 
-6.0598061888515815 9.363765284351938 -1.3779781203439745 
-5.871206901093495 9.380379556957541 1.4346724783887623 
-2.113105392562451 9.852779215075955 -0.7048751591165571 
-2.0328380756629905 9.845918806361865 0.7547462385799976 
-3.5117975561426493 9.672075038603753 -1.4245522505763308 
-3.3226034698833202 9.675271386916657 1.4899125776788786 
0.6935213664799514 9.883229574463794 -0.7873486381187428 
0.7241920604720136 9.881201794956437 0.7932695145885144 
-0.7533426262389361 9.804609275229504 -1.4922237972352985 
-0.6424046153474134 9.79572108700806 1.548015753168513 
1.9563719447041503 9.789389699801164 -1.3923487465837772 
1.98068728277505 9.785657839571607 1.409964176764731 
4.274880615706123 3.7302706196997364 -8.953654322353112 
3.6298148280507925 2.733222217294514 -9.394289012234259 
4.4375052841009195 5.915954706673733 -7.670671926832899 
3.7123858998070425 4.914970055621818 -8.429551763105266 
4.340702028037979 7.716044213905935 -5.869304070709681 
3.7782073121388984 6.940993553327232 -6.848970653730865 
4.277204930895853 8.961173934187082 -3.7118397648084422 
3.617906958933832 8.482443645594188 -4.8498885881899305 
3.6384944988174257 9.403512700027042 -2.7030968169795666 
-19.334151464676278 0.35844018263127936 2.394217909433397 
-19.315794084578332 -0.4409852803843133 2.3899739654707397 
-19.52034777614411 0.821068388146364 1.8429604154061587 
-19.50199039760609 -0.903613483144153 1.8387164686882569 
-18.449224746925 0.49918850595466696 3.71168792268673 
-18.449224746927154 -0.4991885059540187 3.7116879226842836 
-18.871031425771218 0.8576286885859471 3.102398253337316 
-18.852674045675425 -0.9401737863383314 3.0981543093722124 
-17.112118935433887 0.5586929694995227 5.05043557947194 
-17.134467706735975 -0.5571352823338632 5.031954344299131 
-17.752890978095085 1.05788147545419 4.3728372811414244 
-17.77523974939933 -1.0563237882878813 4.354356045966169 
-15.559875360030938 0.5690561121022181 6.178729701248696 
-15.559875360033539 -0.5690561120985154 6.178729701248078 
-16.305877086701184 1.127749081601741 5.5981341874179265 
-16.328225858005876 -1.1261913944323785 5.579652952244499 
-13.727319558604743 0.6309644422395148 7.168601998960522 
-13.70165977948186 -0.6165993304665399 7.184769957856631 
-14.633093185552264 1.2000205543417328 6.633118090565664 
-14.607433406431982 -1.1856554425650554 6.649286049461153 
-11.724032909791637 0.584863691173246 8.01981392366401 
-11.689570131732687 -0.6370221029420913 8.020447363398517 
-12.728485293666504 1.2158281334127603 7.5488308055508915 
-12.668362736484669 -1.2536214334086315 7.565632204181507 
-9.564188410041107 0.6199233017909188 8.69978862556853 
-9.472296124177845 -0.6690712117871835 8.71419994392521 
-10.681605274941967 1.2047869929641644 8.308767554212963 
-10.555250211019755 -1.3060933147292755 8.32381231230415 
-7.2184273066994065 0.6583010279571503 9.240086295563229 
-7.13875478840632 -0.6995061386816664 9.246643811063635 
-8.454084003591246 1.2782243297480684 8.910142375428869 
-8.2825191994349 -1.3685773504688505 8.931111209285957 
-4.746221013880627 0.7196770910594065 9.618146382646106 
-4.63729424629603 -0.7351663386398353 9.628203139450099 
-6.059806187227875 1.3779781190165556 9.363765284804373 
-5.871206901350193 -1.434672477321503 9.380379557108771 
-2.1131053852429154 0.7048751643885716 9.85277921436537 
-2.0328380674206366 -0.7547462382984927 9.845918806859608 
-3.5117975453309853 1.4245522554479768 9.67207503834671 
-3.3226034599241103 -1.4899125769383292 9.675271387644939 
0.6935213640233195 0.7873486380396467 9.883229574527109 
0.7241920610623117 -0.7932695136563139 9.881201795169627 
-0.7533426190895174 1.4922238024282166 9.804609274608097 
-0.642404604228247 -1.5480157519548081 9.79572108774485 
1.9563719429219415 1.392348746285698 9.789389699930334 
1.9806872847706938 -1.4099641739285629 9.78565784011485 
4.274880615885028 8.953654322260242 3.7302706198873063 
3.629814827885438 9.394289012171393 2.7332222174672154 
4.437505284472153 7.670671926891319 5.9159547065480025 
3.7123859003571815 8.429551763070815 4.914970055683656 
4.340702029316928 5.869304071002848 7.716044213564633 
3.7782073137890815 6.84897065408245 6.940993552860199 
4.277204930895853 3.7118397648084422 8.961173934187082 
3.6179069602127805 4.849888588483096 8.482443645252886 
3.638494498683009 2.7030968167605836 9.403512700078634 
4.274880615412574 -3.730270619091136 8.953654322594828 
3.62981482800949 -2.7332222146861795 9.394289012868477 
4.437505289259107 -5.9159547059004955 7.6706719269538155 
3.712385904671681 -4.9149700545530415 8.429551763238964 
4.340702029938846 -7.7160442152359465 5.869304068686463 
3.7782073191979535 -6.940993554228363 6.84897065130878 
4.277204930730286 -8.961173933755376 3.7118397658807734 
3.617906960669132 -8.482443647016979 4.849888586302218 
3.638494498421711 -9.403512699798073 2.7030968177630057 
-5.792485585265947 -9.059550297011358 -2.8543978414522457 
-6.951770215149786 -8.621965630416604 -3.495938101009122 
-8.174255950945616 -8.62726228619969 -2.745283951414683 
-0.6384672428310623 -9.454767369646875 -3.0162877121560245 
-1.9840495079705367 -9.173830645500027 -3.6689857212946557 
-3.2777522735878404 -9.344136943113462 -2.935880101097471 
-12.636043003792276 -2.258705893636423 -7.368348934833269 
-10.766053984088186 -2.366210059019229 -8.028827227609556 
-11.716039325341953 -2.789164513850308 -7.559391728655354 
-14.431457832778898 -2.4461257532831775 -6.382427995460208 
-15.278468381988326 -2.8676241310394315 -5.6763671121499675 
-16.22610545917326 -2.1802119036586216 -5.346461695313632 
-6.23693058281718 -2.7274678882498353 -9.031473185446735 
-3.7283520894028377 -2.8436113062623587 -9.327067766577192 
-5.139899941958813 -3.4882259153062543 -8.940847011491917 
-10.459051438474427 -8.03665062557321 -2.6122163644426313 
-11.487047335812683 -7.479753604605235 -3.1511648259024105 
-12.562038715425572 -7.312100131234273 -2.4616411098536544 
2.202010934903688 -4.863165175312889 -8.593936850210945 
1.5988786699744015 -5.87072741706745 -7.9800497776826615 
2.452279978774315 -6.837117413351198 -7.093505912116581 
-14.527236913811826 -6.426946121569952 -2.2574815257470817 
-16.203591914226475 -5.418977318914522 -2.085904055541205 
-15.35504492296358 -5.795714141656237 -2.600594854538615 
-17.663183204290444 -4.198304112877581 -1.9333660311161944 
-18.196420959230213 -3.4119887593061997 -2.2204020324549765 
-18.711926804954174 -2.954507076623608 -1.7843450723884153 
2.2239914623539216 -9.511714955517348 -2.6911568535234607 
1.5796043116270944 -9.257300884233674 -3.5534333037842436 
2.5207191963333107 -8.297685287417762 -5.291697317986152 
1.7937609745265544 -8.685581236414986 -4.75063411625056 
-17.56639999267118 -2.0737259321291854 -4.1993068945476875 
-18.121986524623566 -2.385271429146872 -3.3684431188348127 
-18.730284184959967 -1.727867155122149 -2.932683839578719 
-1.1038437559079861 -2.9517802307766714 -9.455816810650061 
-0.10445222820693778 -3.8739247147240774 -9.126015251364564 
1.4248148426605842 -3.6771301164286747 -9.192120860694859 
2.2020004352569744 -2.6551105818297507 -9.522966421592614 
-19.14198840012963 -1.6913068565730542 -2.17788083929335 
-19.12363102012168 -2.1997040763406854 -1.7477847738399703 
0.4071000535068861 -9.20655362779698 -3.740512586020349 
-1.7352781618710924 -8.500391539329078 -5.043453584318153 
-0.17553923383215767 -8.209608615657238 -5.587956387645838 
0.6212567164063459 -8.634833979978291 -4.9377133984866655 
-2.9240674111757237 -8.027578142764302 -5.641434911283241 
-4.40880821722221 -8.333119741354578 -4.931946173300051 
-4.513721733534882 -8.976239435532788 -3.600859226137777 
-2.822463733327984 -7.124335068889619 -6.7769132184588114 
-1.6860579284031647 -6.658615622565811 -7.333873911444045 
-0.36218330847993135 -6.878181355757087 -7.187117767764676 
0.39615707428092967 -7.489622795036516 -6.554374115717915 
-4.257476607808788 -6.527195951898847 -7.18024331376778 
-5.545377781531685 -6.8838226980249315 -6.6053384089031715 
-5.595105713097367 -7.78650341360598 -5.492519575611013 
-4.183875079589453 -5.428758506818731 -8.054118616754616 
-1.85187118045467 -5.562091832083311 -8.187130960567485 
-2.914675457160154 -4.929373833327006 -8.504045570569085 
-6.788081572294785 -6.200576298506778 -6.983359586623532 
-6.677213849547062 -5.1426809767318815 -7.826977644226042 
-5.360908530564628 -4.727489931169919 -8.322831769492517 
-7.9808507106885855 -6.499860672514793 -6.371732252831214 
-8.002345066121999 -7.388642099616405 -5.304164387505456 
-6.859303859293878 -7.992038441189439 -4.802972888005615 
-9.103346389287102 -5.792947023236164 -6.676141974201993 
-9.016060295977832 -4.757891377511572 -7.480009692760222 
-7.782696894631595 -4.4069097050153045 -8.019218028991952 
-10.245203501751341 -6.031593290992485 -6.019610101469131 
-10.308752329995986 -6.864361178347675 -5.014782500875991 
-9.188389572965157 -7.514496337692965 -4.603746508283095 
-11.26528682005757 -5.315773572941698 -6.242536324155849 
-9.991338731353208 -4.085064340073987 -7.576195916748084 
-11.098708142968704 -4.404300267747793 -6.995254420876573 
-12.37864530763813 -5.465281322412234 -5.547343185065191 
-12.466002415637867 -6.232897016851164 -4.611519774743972 
-11.416192756301951 -6.91615715473582 -4.301885313241488 
-7.563422216507528 -3.2309606323969233 -8.605698328213249 
-8.62195452231765 -2.5013941666952157 -8.608046506198553 
-9.81650763581709 -3.0045162018760116 -8.117752430965119 
-13.28116157931761 -4.638490150442085 -5.764541071669335 
-12.9429573374547 -3.8313887176046535 -6.531855226022825 
-11.873862388686353 -3.7467065843808967 -7.067375436139405 
-14.300373564544854 -4.702668596804201 -5.056480691250509 
-14.421812427479514 -5.489854042754172 -4.123366296359927 
-13.489957550252008 -6.193291290830987 -3.8956032664575333 
-0.61796525117282 -5.138353131338008 -8.512263309105165 
0.30816955476541535 -5.949120774797168 -7.964481845907176 
1.9199112463261896 -7.526952210360343 -6.445194328294335 
-2.6801610555793522 -3.5834906486342972 -9.158979478392263 
-15.19822561593559 -3.905152228320064 -5.084080193624533 
-13.433241914393653 -2.9199473985011806 -6.737430034524053 
-16.033219630304867 -4.049737933848227 -4.303539512152177 
-15.274802156908242 -5.374228727354151 -3.4673214476002214 
-15.988357308342861 -4.731628986932341 -3.619895161018448 
-9.267834101932866 -8.123189335049085 -3.3519008591888144 
-13.515139270528982 -6.708897955344682 -2.896445088906295 
-16.84585632682401 -2.627000247567358 -4.625232697346006 
-16.733213264008352 -3.4589981804763306 -4.174597432709986 
-17.857787786163232 -3.210402007347984 -3.028054151938214 
-17.18955819139519 -3.7308544432392705 -3.4082826630150684 
-16.89777721647911 -4.7152267796660405 -2.393890184517707 
-16.762785376650836 -4.449363861985946 -3.0611546969333436 
-5.792485584325771 2.8543978407393418 -9.059550297325893 
-6.951770218076515 3.4959380994062492 -8.621965630585002 
-8.174255952854413 2.745283950521704 -8.6272622862933 
-0.638467244461815 3.0162877128155543 -9.454767369456427 
-1.9840495053413942 3.668985721903051 -9.173830645356869 
-3.277752269507436 2.9358801011133804 -9.344136943475794 
-12.636043005400376 7.368348934825424 -2.258705892487614 
-10.766053982947694 8.028827226544635 -2.366210063145139 
-11.716039325612178 7.559391728105232 -2.7891645149352606 
-14.43145783492271 6.3824279947613105 -2.446125752383264 
-15.278468383188093 5.676367111897098 -2.8676241306550665 
-16.226105459562955 5.346461694823735 -2.180211903605557 
-6.236930581416236 9.03147318570456 -2.7274678884262626 
-3.728352090470993 9.327067766395325 -2.8436113065360225 
-5.13989994225823 8.940847011492718 -3.4882259155017543 
-10.459051437705837 2.6122163646196896 -8.03665062577321 
-11.48704733359827 3.1511648249014805 -7.479753606081263 
-12.562038713394577 2.46164110854413 -7.3121001327028905 
2.202010935159644 8.593936851589726 -4.863165173043556 
1.5988786703703377 7.980049779332962 -5.870727414501688 
2.452279978245445 7.093505912758721 -6.837117412669246 
-14.527236914334958 2.257481524729959 -6.42694612173436 
-16.203591914411945 2.0859040546958645 -5.418977319276596 
-15.355044923557102 2.600594852838006 -5.7957141421809375 
-17.663183204528142 1.9333660299722546 -4.198304113402928 
-18.196420959715677 2.220402031059036 -3.4119887596043643 
-18.71192680545084 1.7843450727056653 -2.9545070756072564 
2.2239914588745844 2.691156854244419 -9.511714955464749 
1.5796043091228338 3.553433304375806 -9.257300884100069 
2.52071919604157 5.291697318127621 -8.29768528736529 
1.7937609745335694 4.750634116483325 -8.685581236318741 
-17.56639999487668 4.199306892654611 -2.073725931550419 
-18.12198652567476 3.3684431177723955 -2.3852714289187316 
-18.730284185073316 2.9326838393495365 -1.7278671555000142 
-1.1038437559079781 9.455816810650061 -2.9517802307766785 
-0.10445222730630777 9.126015252417895 -3.8739247128076575 
1.4248148435612127 9.192120861748192 -3.677130114512252 
2.2020004352569735 9.522966421592614 -2.6551105818297516 
-19.141988401157874 2.1778808374482233 -1.6913068553349744 
-19.123631021533246 1.7477847725412754 -2.1997040737083893 
0.40710005219779505 3.740512586897566 -9.206553627513602 
-1.7352781591395934 5.043453584855794 -8.500391539298237 
-0.17553923284927886 5.587956387875816 -8.20960861561647 
0.6212567176085305 4.937713399005084 -8.634833979732276 
-2.924067409323122 5.641434912186799 -8.027578142296141 
-4.408808216004318 4.9319461738795525 -8.333119740897326 
-4.513721729986831 3.600859225758876 -8.976239436018345 
-2.8224637339655323 6.776913218677073 -7.124335068798011 
-1.6860579285436887 7.333873911135169 -6.658615622817794 
-0.3621833077389447 7.187117768104951 -6.878181355326159 
0.3961570744761831 6.5543741158374615 -7.48962279486895 
-4.257476608377551 7.180243314092564 -6.527195951766502 
-5.545377779204512 6.605338409930911 -6.883822697743047 
-5.59510571147369 5.492519576208174 -7.7865034133757405 
-4.183875081187416 8.054118616227349 -5.428758507276663 
-1.8518711806504662 8.18713096041058 -5.562091832206433 
-2.9146754588821757 8.504045570087271 -4.929373833696814 
-6.788081569824812 6.983359587040959 -6.200576298718033 
-6.677213848462749 7.826977644500814 -5.142680976628036 
-5.360908530652314 8.322831769525552 -4.72748993116321 
-7.980850709198485 6.371732252323288 -6.499860673175003 
-8.00234506631144 5.304164385759471 -7.388642100580145 
-6.859303859206946 4.802972886754405 -7.992038441755871 
-9.10334639082003 6.676141973082611 -5.792947023614921 
-9.016060296423847 7.4800096922235895 -4.757891378357524 
-7.782696893440236 8.01921802892412 -4.406909705827606 
-10.245203503126023 6.0196101000202376 -6.031593291811075 
-10.30875233050204 5.014782499713235 -6.864361179210771 
-9.188389575309005 4.603746506211791 -7.514496338419764 
-11.26528682151649 6.242536323693372 -5.315773572581765 
-9.991338730652851 7.576195915531614 -4.085064343267512 
-11.098708143439502 6.9952544200637705 -4.404300269295601 
-12.378645308228423 5.547343184888855 -5.465281322096803 
-12.466002413403794 4.611519773607902 -6.2328970185181864 
-11.416192754067877 4.301885312105414 -6.916157156402847 
-7.563422214787809 8.6056983281607 -3.2309606332872876 
-8.621954520972205 8.608046505817844 -2.501394168845237 
-9.81650763385364 8.117752429889292 -3.004516206295543 
-13.281161582401468 5.7645410709860565 -4.638490148900719 
-12.942957341554807 6.531855225708845 -3.8313887142038356 
-11.873862389304774 7.0673754359820435 -3.746706584113754 
-14.300373566848988 5.056480690070276 -4.702668596207548 
-14.421812427979553 4.123366295170059 -5.489854043229255 
-13.489957548707409 3.895603264804885 -6.193291292343812 
-0.6179652497264568 8.512263310379225 -5.138353129158228 
0.3081695563517576 7.964481847452756 -5.949120772320955 
1.9199112464419927 6.445194328611026 -7.526952210031304 
-2.6801610565598364 9.158979478288082 -3.583490648617628 
-15.198225617295682 5.08408019289032 -3.905152228238967 
-13.43324191755371 6.737430034194463 -2.919947395741806 
-16.033219629970407 4.303539511090934 -4.049737935122727 
-15.274802157662085 3.467321445418269 -5.37422872818212 
-15.98835730920625 3.6198951585190997 -4.731628988044172 
-9.267834102982409 3.3519008583221788 -8.123189335303787 
-13.515139269167797 2.896445086945048 -6.708897956850099 
-16.84585632808547 4.625232695898959 -2.62700024750414 
-16.73321326438534 4.174597431172934 -3.45899818143741 
-17.857787787520465 3.028054149585122 -3.2104020076359965 
-17.189558193022254 3.4082826597413134 -3.730854444200953 
-16.897777216970614 2.3938901823816923 -4.715226780544268 
-16.762785377659938 3.061154693624665 -4.449363863310661 
-5.79248558541331 9.059550296763247 2.854397841681853 
-6.951770218980021 8.62196562954353 3.4959381014337247 
-8.174255954383211 8.627262285232968 2.7452839517328314 
-0.6384672464482787 9.45476736974564 3.016287712061493 
-1.9840495082587275 9.17383064552944 3.668985721325644 
-3.277752271378192 9.34413694334665 2.9358801015315446 
-12.636043003239365 2.2587058883283313 7.368348936917325 
-10.766053982042665 2.3662100556670773 8.028827229284968 
-11.7160393264652 2.7891645087917305 7.559391730102448 
-14.431457836824999 2.4461257503875955 6.382427994103672 
-15.278468397099031 2.867624131542584 5.676367100752095 
-16.22610547249654 2.1802119049962445 5.346461683383317 
-6.236930579572397 2.727467884944337 9.031473187200161 
-3.7283520763882714 2.843611310110873 9.327067767120214 
-5.139899937282434 3.4882259116500833 8.940847013815398 
-10.459051439539307 8.03665062542381 2.612216364056776 
-11.487047334498419 7.479753605708519 3.151164824736281 
-12.562038714072955 7.312100132471831 2.461641108235831 
2.2020109347400925 4.8631651725587535 8.593936851720542 
1.5988786699925985 5.8707274137551755 7.980049779706358 
2.4522799799374404 6.83711741275912 7.093505912534266 
-14.527236913905545 6.426946122159443 2.257481524281467 
-16.20359191464028 5.418977320110236 2.0859040527375043 
-15.355044923723247 5.795714143037709 2.600594850977472 
-17.6631832041225 4.198304113718855 1.9333660299250799 
-18.19642095726233 3.411988762492252 2.22040203252026 
-18.711926803677812 2.9545070771234734 1.7843450748876115 
2.2239914583170486 9.511714955509367 2.691156854011043 
1.5796043078660411 9.257300884402921 3.5534333036428074 
2.5207191965966396 8.297685287327377 5.291697318193797 
1.7937609736738889 8.685581236510648 4.75063411616074 
-17.566400000834935 2.0737259328105915 4.199306885611791 
-18.121986527139075 2.3852714328811238 3.3684431138292936 
-18.73028418324544 1.7278671581560028 2.9326838400095117 
-1.1038437479781125 2.951780235989677 9.45581681003169 
-0.10445222984830853 3.8739247119706746 9.126015252912522 
1.4248148410476054 3.6771301136551884 9.192120862254038 
2.202000434307449 2.6551105815316722 9.522966421677936 
-19.12363102005727 2.1997040746997896 1.7477847741986794 
-19.141988399382797 1.6913068577164196 2.1778808377882695 
0.4071000505775217 9.206553628243341 3.740512585289475 
-1.735278161126747 8.50039153919159 5.04345358443324 
-0.17553923350845033 8.209608615515519 5.587956387687022 
0.6212567163853696 8.634833980351068 4.937713397807408 
-2.924067414105455 8.02757814220874 5.6414349115095 
-4.408808221679291 8.333119740811156 4.931946173114995 
-4.5137217318200475 8.976239435611218 3.6008592262446357 
-2.8224637369811085 7.124335067722652 6.776913219063577 
-1.6860579285600064 6.658615621011326 7.333873912759998 
-0.36218330815715505 6.878181354255098 7.1871177691379815 
0.3961570740433997 7.48962279417227 6.554374116578768 
-4.257476611675096 6.527195950926745 7.180243313996795 
-5.545377786963411 6.883822697604825 6.605338408218583 
-5.595105719843261 7.786503413003149 5.492519574890861 
-4.183875078879139 5.428758504786848 8.054118618000336 
-1.8518711802156504 5.562091830851554 8.187130961529798 
-2.914675455840797 4.929373831422982 8.504045571836917 
-6.7880815749578725 6.20057629812721 6.98335958624907 
-6.67721384991172 5.142680974178286 7.826977645448015 
-5.360908529121301 4.727489927516005 8.32283177142107 
-7.980850714507235 6.499860672090619 6.371732251958119 
-8.002345070220242 7.388642099148576 5.304164386809147 
-6.859303863550728 7.992038440583491 4.802972887772374 
-9.10334639177353 5.7929470228617825 6.67614197359732 
-9.016060296987233 4.757891376753728 7.4800096928422475 
-7.782696894674783 4.406909702033639 8.019218030401992 
-10.2452035039784 6.03159329103168 6.0196101005679195 
-10.308752331689032 6.864361178401275 5.01478250015441 
-9.188389575197169 7.514496337289337 4.603746508034837 
-11.26528682322669 5.315773572292371 6.242536323094313 
-9.991338732037336 4.085064338131462 7.576195917411727 
-11.098708146071926 4.404300265500209 6.995254420693196 
-12.378645310283526 5.465281321772076 5.54734318418663 
-12.466002414728024 6.232897017920447 4.611519773602073 
-11.416192755381822 6.916157155810338 4.301885312096248 
-7.563422216174327 3.230960628665611 8.605698329759809 
-8.621954520721646 2.501394164528748 8.608046507229664 
-9.816507634272206 3.0045161992745117 8.117752432441327 
-13.281161587484897 4.638490148322863 5.764541068582375 
-12.942957347085462 3.83138871311086 6.531855223337138 
-11.87386239272933 3.746706579767911 7.067375436540275 
-14.300373570501604 4.702668595634741 5.056480688269463 
-14.421812428146396 5.48985404331301 4.123366294762975 
-13.489957549574186 6.193291292149504 3.895603264491329 
-0.6179652514338457 5.138353128022497 8.512263311136184 
0.30816955471457425 5.949120770903433 7.964481848463515 
1.9199112468599706 7.52695220982455 6.44519432873221 
-2.6801610451887954 3.583490652612928 9.15897947856247 
-15.198225631110626 3.9051522289016702 5.084080181941922 
-13.433241919450339 2.9199473932009483 6.737430033864965 
-16.033219639721263 4.049737936040583 4.303539502859171 
-15.27480215819243 5.3742287288444786 3.4673214434527053 
-15.988357309158276 4.731628988305123 3.619895157876442 
-9.267834103930847 8.123189334413691 3.351900859297171 
-13.515139269802518 6.708897956802706 2.896445086485054 
-16.845856343969093 2.6270002502504277 4.625232679907698 
-16.73321327718222 3.4589981839356816 4.174597418193724 
-17.85778778847735 3.210402011909885 3.0280541461938686 
-17.189558195386336 3.7308544455246064 3.4082826562623936 
-16.897777216935776 4.715226781439131 2.393890180770567 
-16.762785376984592 4.449363863827247 3.0611546934342715 
-5.792485586712032 -2.8543978392667433 9.059550297403959 
-6.951770221751143 -3.495938098919623 8.62196563011102 
-8.174255947417882 -2.7452839487615672 8.627262288038155 
-0.6384672301507929 -3.0162877130613275 9.454767369494192 
-1.984049491235752 -3.668985723665903 9.173830645166051 
-3.2777522578166796 -2.9358801011992193 9.344136944202042 
-12.636043003319307 -7.368348937868245 2.258705885445377 
-10.766053990603126 -8.028827227614988 2.3662100511794635 
-11.71603933200077 -7.559391728503349 2.7891645070275533 
-14.431457829010009 -6.38242799907291 2.446125747961237 
-15.278468376040287 -5.676367116105617 2.8676241331487606 
-16.22610545015598 -5.346461700447221 2.180211907201853 
-6.236930568488805 -9.031473187321945 2.727467889440516 
-3.7283520784039155 -9.327067764860262 2.8436113149247038 
-5.1398999322643 -8.9408470111535 3.488225920272796 
-10.459051435861861 -2.6122163613776967 8.036650626709294 
-11.48704734627754 -3.1511648232526652 7.479753601382275 
-12.562038726187417 -2.461641107070784 7.3121001277601225 
2.2020109398949432 -8.593936853885175 4.863165169491786 
1.5988786779024509 -7.9800497855230565 5.870727406456396 
2.452279987935747 -7.093505917647279 6.8371174058891455 
-14.52723691296699 -2.2574815250300317 6.426946122452482 
-16.203591912813874 -2.0859040535525755 5.418977321018615 
-15.355044921376546 -2.6005948536836887 5.795714143013522 
-17.66318320052049 -1.9333660301560631 4.198304116567063 
-18.196420954534982 -2.2204020329565672 3.4119887661225143 
-18.711926802162086 -1.784345071472698 2.954507082209549 
2.2239914606729223 -2.6911568504594388 9.511714956346745 
1.579604317068691 -3.5534333056108913 9.25730088289537 
2.5207192003713836 -5.291697316943176 8.297685287595527 
1.7937609801049608 -4.750634119021916 8.685581234872787 
-17.566399986445592 -4.199306899272762 2.0737259344497434 
-18.121986516576083 -3.3684431224553184 2.385271437006083 
-18.73028417629087 -2.932683844569226 1.7278671735317286 
-1.103843746887214 -9.455816809907047 2.9517802364166585 
-0.104452224993057 -9.12601525298768 3.8739247116335647 
1.4248148463956414 -9.192120862288371 3.67713011355019 
2.202000434861256 -9.522966421462874 2.655110582242854 
-19.14198839423241 -2.177880839387852 1.6913068700869023 
-19.123631019857218 -1.7477847682785195 2.1997040772355083 
0.40710006462210524 -3.7405125901865355 9.206553625395307 
-1.7352781536590924 -5.043453586424978 8.500391538791344 
-0.17553922953786305 -5.587956389231429 8.209608615096904 
0.6212567276583753 -4.93771340359756 8.634833977372727 
-2.9240674187065196 -5.641434911253376 8.027578141753665 
-4.408808228016938 -4.931946172141047 8.333119740228717 
-4.513721729550437 -3.6008592248459657 8.976239436302388 
-2.8224637458827715 -6.776913217605711 7.124335068033779 
-1.6860579272389407 -7.333873912459084 6.658615621031614 
-0.36218330290336914 -7.187117773143103 6.878181349573544 
0.39615707623394236 -6.554374119422152 7.489622790892184 
-4.257476621830165 -7.180243312648638 6.527195951116634 
-5.545377796825931 -6.605338408360609 6.883822696128373 
-5.595105730188956 -5.492519574205353 7.78650341152057 
-4.183875084227824 -8.054118614688262 5.428758509488131 
-1.8518711796937994 -8.187130961760184 5.562091830476973 
-2.914675460735289 -8.504045568946436 4.929373835850638 
-6.788081574994512 -6.983359586454173 6.200576298441482 
-6.677213840929698 -7.826977644562319 5.1426809793420745 
-5.360908525158776 -8.32283176850838 4.727489935400464 
-7.980850701343004 -6.371732254126473 6.499860674846285 
-8.002345059747032 -5.304164388390707 7.388642101313908 
-6.8593038667615644 -4.802972886563153 7.992038440301303 
-9.10334637507834 -6.676141974669879 5.792947028225748 
-9.016060292004347 -7.480009692486391 4.757891379462101 
-7.782696884204197 -8.01921803005113 4.406909706983229 
-10.245203485344932 -6.019610101823748 6.031593297344436 
-10.308752316184227 -5.014782501603566 6.864361182819086 
-9.188389564321662 -4.6037465087139315 7.514496340168023 
-11.265286816682318 -6.242536322652697 5.315773576107632 
-9.991338730814016 -7.576195916900563 4.0850643391046235 
-11.098708145225393 -6.995254419913 4.404300266631467 
-12.378645306773565 -5.547343183903948 5.465281323679766 
-12.466002418533131 -4.611519772964356 6.232897016504082 
-11.416192759281175 -4.301885311492923 6.916157154406598 
-7.563422204657779 -8.605698330165636 3.230960632209339 
-8.621954520104927 -8.6080465075922 2.501394162258506 
-9.816507638461013 -8.117752431891867 3.004516196674919 
-13.281161584507759 -5.764541070331803 4.638490148273008 
-12.942957343461151 -6.531855224960215 3.8313887141192597 
-11.873862394270034 -7.0673754357926635 3.746706580049853 
-14.30037356678715 -5.05648069026351 4.70266859582348 
-14.421812425581516 -4.123366295118281 5.489854044872369 
-13.489957555061693 -3.8956032642469824 6.1932912901462105 
-0.6179652448702101 -8.512263312367699 5.13835312625812 
0.30816956452599603 -7.964481853306274 5.949120765139356 
1.9199112536966034 -6.445194331709545 7.526952205890745 
-2.680161047805857 -9.158979476473318 3.583490656414878 
-15.198225609775525 -5.084080196983916 3.9051522311300944 
-13.433241912002552 -6.737430038166025 2.919947391735501 
-16.033219621393386 -4.303539517109834 4.04973793778817 
-15.274802154648993 -3.4673214461186244 5.374228729713772 
-15.988357307472489 -3.6198951613897727 4.731628987322959 
-9.267834097002934 -3.351900856728321 8.123189337082552 
-13.515139275719612 -2.8964450865936686 6.708897954426575 
-16.84585631275755 -4.625232706171807 2.627000253551246 
-16.73321325025972 -4.174597441956121 3.458998186156229 
-17.857787776174572 -3.028054156382287 3.210402016809569 
-17.18955818354625 -3.408282668984045 3.730854446858212 
-16.897777212665137 -2.3938901833222417 4.715226783674141 
-16.762785374051308 -3.0611546987245037 4.4493638632782355 
5.0 -8.040497352805419 -0.49053081064576903 
5.0 -8.032157353014616 0.581358151454203 
4.999999999999999 -6.873381019165713 -1.3439639231456948 
4.999999999999999 -6.865041021282052 1.4347912593498797 
5.0 -8.927881361860448 -1.3258656886904563 
5.0 -8.919541363250174 1.4166930250930962 
5.0 -0.680890505945109 -8.003916466039245 
5.0 0.5828808377840172 -8.036703906461515 
5.0 -1.516225379213666 -8.891300476374033 
5.0 1.4182157158287048 -8.924087915516543 
4.999999999999999 -1.5343236135059746 -6.836800134445364 
4.999999999999999 1.4363139502839433 -6.869587572821808 
5.0 8.021896313767016 -0.595689815543373 
5.0 7.984961977500416 0.5840099010879384 
5.0 8.909280324101806 -1.4310246888119298 
5.0 8.872345986555445 1.4193447791326257 
4.999999999999999 6.854779982173135 -1.4491229231042384 
4.999999999999999 6.8178456436376855 1.4374430141262928 
5.0 0.68089049989445 8.003916455140471 
5.0 -0.6670889579293567 8.00814997179373 
5.0 1.5162253731630069 8.89130046547526 
5.0 -1.5024238358124133 8.895533980892068 
4.999999999999999 1.534323606632699 6.836800123887328 
4.999999999999999 -1.5205220702367999 6.841033638233753 
5.0 -8.085828945093018 -3.928594395085556 
5.0 -7.873627016798935 -2.805382141135018 
5.0 -7.250494064295805 -5.375436845151527 
5.0 -5.375436825172714 -7.250494079457279 
5.0 -5.934925545656804 -5.934925557356369 
5.0 -3.129968435507576 -8.45889932907999 
5.0 -3.774150013352097 -7.514618906038439 
4.999999999999999 -5.810540327181645 -3.9098883341732935 
4.999999999999999 -6.816484606435801 -2.823480375590257 
4.999999999999999 -3.9098883208777813 -5.810540336275589 
4.999999999999999 -5.2296869900949154 -5.2296869984745165 
4.999999999999999 -3.013840064619052 -6.779903721738602 
5.0 3.7960419187578522 -8.226561433550922 
5.0 2.7651796919455625 -8.010566058912932 
5.0 5.242884368823822 -7.391226552753707 
5.0 7.352466496019379 -5.2277183077562 
5.0 6.134320290702713 -5.190914013666127 
5.0 5.206080073456321 -6.173080345205466 
5.0 8.18780136775142 -3.780875863259031 
5.0 7.956998395625541 -2.762822622508493 
4.999999999999999 3.777335857845589 -5.951272815639547 
4.999999999999999 2.783277926400801 -6.953423648549799 
4.999999999999999 5.9125127528376895 -3.762169803461267 
4.999999999999999 6.899855986028474 -2.7809208568008015 
5.0 8.186782165593979 3.7670011786250353 
5.0 7.919044861994891 2.7372680151166673 
5.0 7.351447284796765 5.213843628691006 
5.0 5.305314924850227 7.308821433626112 
5.0 5.2685106305924325 6.090675228477168 
5.0 6.133301077080802 5.1770393334912255 
5.0 3.1299684294569166 8.458899318181217 
5.0 3.7040281069789494 7.572946249308501 
4.999999999999999 5.911493547291858 3.748295118418922 
4.999999999999999 6.861902451408734 2.755366250110334 
4.999999999999999 3.8397664195649557 5.868867690952883 
4.999999999999999 2.9437181574232887 6.838231065349402 
5.0 -3.116166900489619 8.463132828757928 
5.0 -5.2879252790623985 7.311699785524824 
5.0 -3.672836909113427 7.580058127973075 
5.0 -7.359232116297735 5.214965595506392 
5.0 -6.141085911014506 5.178161301241651 
5.0 -5.251120983454508 6.093553578182779 
5.0 -8.194566988162874 3.768123151147229 
5.0 -7.974025055477522 2.7357382459733635 
4.999999999999999 -3.822376767883622 5.871746048464261 
4.999999999999999 -2.9125269567436654 6.845342946547238 
4.999999999999999 -5.919278373243127 3.749417091139273 
4.999999999999999 -6.916882645841003 2.753836480230147 
