0.0, 0.0, 0.0, 0.0,                     -1.7118076147350842, -0.33314694721118643, 0.06117539472246158, -0.17238157772798138
0.05263157894736842, 0.0, -0.026350325636380866, -0.011655449537424986,                     -1.630093809309091, -0.2321157989064632, 0.31867171905845887, 0.0003070862574785724
0.10526315789473684, 0.0, -0.0494967694828531, -0.025962821643712636,                     -1.1027160879734133, -0.1293594726955468, 0.32145488845235576, 0.004015111267144012
0.15789473684210525, 0.0, -0.06959703693035164, -0.042414206580891366,                     -0.8097132211520818, -0.08410352426993734, 0.2748336186022711, 0.01415091321648845
0.21052631578947367, 0.0, -0.08692048329489774, -0.06029398065361887,                     -0.6088889053582741, -0.05588454965695385, 0.2210371120827568, 0.01226235977025723
0.2631578947368421, 0.0, -0.10185340635374263, -0.0790895760875214,                     -0.466902309651963, -0.03967295391610024, 0.17289968456531415, 0.010450191647853026
0.3157894736842105, 0.0, -0.11475549422312584, -0.09845062083315793,                     -0.36221646681315905, -0.03007917958909008, 0.1326265467331552, 0.008839029781702387
0.3684210526315789, 0.0, -0.12591592546884064, -0.11813350587127086,                     -0.28109199487847947, -0.024047410343786355, 0.0994835097017191, 0.0076020853475238185
0.42105263157894735, 0.0, -0.13555902747225823, -0.1379578621248151,                     -0.21598718260604435, -0.01997767526953163, 0.0723337917239301, 0.006641192432373887
0.47368421052631576, 0.0, -0.14386278054834423, -0.15777943047113416,                     -0.1625329596441414, -0.016991998179799253, 0.05022110524059007, 0.005846964870724271
0.5263157894736842, 0.0, -0.15097622215216, -0.17747576301249537,                     -0.11818192569473215, -0.014606991640831088, 0.03243521305102455, 0.0051435247547437475
0.5789473684210527, 0.0, -0.15703259817501164, -0.19693989745425336,                     -0.08143124654077971, -0.01253980749746807, 0.01846300060368083, 0.0044755120070594945
0.631578947368421, 0.0, -0.1621587612887646, -0.21607862680941076,                     -0.051402567368049865, -0.010603827669492897, 0.00793578541454615, 0.0037966125994722986
0.6842105263157895, 0.0, -0.1664820127070108, -0.23481366303927223,                     -0.027616303209714487, -0.008666735893188292, 0.0005755180448960783, 0.0030645180010254775
0.7368421052631579, 0.0, -0.17013529985856113, -0.2530852034351299,                     -0.009851122085980853, -0.00660097992070461, -0.0038139278160263545, 0.0022316957121186073
0.7894736842105263, 0.0, -0.17326109479119, -0.2708582306933249,                     0.001972522816986197, -0.0043578346013654345, -0.005473401027382754, 0.0012776009173983622
0.8421052631578947, 0.0, -0.17601342945024734, -0.2881324666998868,                     0.007897327778085023, -0.0018758161972936699, -0.004622981111443591, 0.00022030335263527472
0.8947368421052632, 0.0, -0.1785560777360068, -0.30495712310571194,                     0.008548680055010083, 0.0006048326082336794, -0.0020107375748330916, -0.0006674010557670162
0.9473684210526315, 0.0, -0.18105150993372676, -0.3214500474478777,                     0.004041203341001623, 0.0019623853657134344, 0.0010662440159203463, -0.0013180184633006695
1.0, 0.0, -0.1836237305718995, -0.3378085196850626,                     0.0026559881059973404, 0.0021212726676032886, 0.0006803982254866885, 0.0017393031885678202
0.0, 0.05263157894736842, 0.0, 0.0,                     -0.7394804407359508, -0.24699833983768682, -0.20669863642426886, -0.1828518795817532
0.05263157894736842, 0.05263157894736842, -0.015550668556148797, -0.00952700689997045,                     -1.0542486787115848, -0.2953281526872544, -0.049525314569989355, -0.10559185444868253
0.10526315789473684, 0.05263157894736842, -0.033076250041699284, -0.025226462100274176,                     -0.8403976881872246, -0.2512198018261228, 0.03199388494614066, 0.009791549983721476
0.15789473684210525, 0.05263157894736842, -0.05024152182487983, -0.04308212139911049,                     -0.7301797160710237, -0.19158087559838577, 0.08054568950710629, 0.03092606457951208
0.21052631578947367, 0.05263157894736842, -0.06619048418102125, -0.061978636636702514,                     -0.5935690982196474, -0.14109067986366022, 0.09260549892273427, 0.034695480167886844
0.2631578947368421, 0.05263157894736842, -0.08061026655514428, -0.08144047433524648,                     -0.48198809948220483, -0.10679229867851948, 0.08684138941657461, 0.032250704196457446
0.3157894736842105, 0.05263157894736842, -0.09346198072698841, -0.10122220200300025,                     -0.38904014222743166, -0.08310918770968473, 0.07340126826267321, 0.027800231781979257
0.3684210526315789, 0.05263157894736842, -0.10482270211643868, -0.12116407169286919,                     -0.3121233021232273, -0.06653433777622399, 0.05779682317087318, 0.023334375029470146
0.42105263157894735, 0.05263157894736842, -0.11480752579814413, -0.14113941152885656,                     -0.2481288437491706, -0.05439968212211805, 0.04273316850157305, 0.019210666271270715
0.47368421052631576, 0.05263157894736842, -0.12353778184182501, -0.1610364385218738,                     -0.19451587780987115, -0.045023552189574406, 0.029428010221021914, 0.015477399285627273
0.5263157894736842, 0.05263157894736842, -0.13113108262274575, -0.18075285553781067,                     -0.14945352704154072, -0.03737028123986971, 0.018379929288076594, 0.012079494450079097
0.5789473684210527, 0.05263157894736842, -0.13770030842131953, -0.2001952730433799,                     -0.11164949711631876, -0.030794121250872476, 0.009747679509227218, 0.008953080271646754
0.631578947368421, 0.05263157894736842, -0.1433556776186095, -0.21928073598142417,                     -0.08021092612028277, -0.02488053189772347, 0.00353029947140339, 0.006049581544102712
0.6842105263157895, 0.05263157894736842, -0.148207523354694, -0.23793967521381323,                     -0.05452609024505109, -0.01936403102323286, -0.0003666244121281665, 0.0033484619690726677
0.7368421052631579, 0.05263157894736842, -0.15236889341196047, -0.25612045835990255,                     -0.03416433992605056, -0.014070118849297927, -0.0020980848952028347, 0.0008687074792861148
0.7894736842105263, 0.05263157894736842, -0.15595764303391002, -0.27379613757653076,                     -0.0188068859931887, -0.008980857141515646, -0.0019771919239593583, -0.0012747198718310333
0.8421052631578947, 0.05263157894736842, -0.15909786576003437, -0.2909741881768855,                     -0.008138967134322916, -0.004093141126100669, -0.0003619372395046788, -0.0028512530245937825
0.8947368421052632, 0.05263157894736842, -0.1619206086176732, -0.30770984216580693,                     -0.0018284543298722714, 9.191412177464525e-07, 0.0017039562735942455, -0.0032879711185817666
0.9473684210526315, 0.05263157894736842, -0.1645639162075575, -0.3241224284459392,                     0.00042214959960972393, 0.0030285455172509666, 0.0034245451612900783, -0.0016298205981591571
1.0, 0.05263157894736842, -0.16717178799199606, -0.34041138134324567,                     7.048364623075246e-05, 0.0032187323492367326, 0.002343532849447955, 0.0026099856754830154
0.0, 0.10526315789473684, 0.0, 0.0,                     -0.6319498636067649, -0.25355113248311534, -0.17083618546500923, -0.11401143822296408
0.05263157894736842, 0.10526315789473684, -0.011782072702720178, -0.010062469207594987,                     -0.687741867356746, -0.2828521739336868, -0.14589206705341623, -0.14956274237632108
0.10526315789473684, 0.10526315789473684, -0.02428923435355372, -0.025116985574695577,                     -0.6634026649159837, -0.3500837991663547, -0.15458795379481244, -0.08904561605691429
0.15789473684210525, 0.10526315789473684, -0.03774915156788203, -0.043127959247585876,                     -0.6372865459196727, -0.3075316274562063, -0.101136754699085, -0.025228579699372335
0.21052631578947367, 0.10526315789473684, -0.051236634405483206, -0.06249415241555295,                     -0.555682583061805, -0.2569510367732934, -0.06565855720879389, 0.011666559144579985
0.2631578947368421, 0.10526315789473684, -0.06412350443946718, -0.08247936873211918,                     -0.47742541339343303, -0.21043013271239241, -0.042619275179781604, 0.027661839304890176
0.3157894736842105, 0.10526315789473684, -0.07607711227647995, -0.10273097681556827,                     -0.40097842715373677, -0.17247138936715067, -0.0305477143181119, 0.03263228718936434
0.3684210526315789, 0.10526315789473684, -0.08695990480655236, -0.12305735969630974,                     -0.3326861605816524, -0.1427273153516415, -0.02528731033646153, 0.032003827821719726
0.42105263157894735, 0.10526315789473684, -0.09674427717365408, -0.14333128421703492,                     -0.2727811173381672, -0.11922906133626564, -0.023771920532475295, 0.02869821161547118
0.47368421052631576, 0.10526315789473684, -0.10545942796999463, -0.16345111436637821,                     -0.22082298505498874, -0.10022841620713911, -0.023907495366061186, 0.02423591927533343
0.5263157894736842, 0.10526315789473684, -0.1131626076977334, -0.1833270437228296,                     -0.1760061125588535, -0.08435605972192525, -0.024360434850955983, 0.019340496118576796
0.5789473684210527, 0.10526315789473684, -0.11992495426586686, -0.20287761565868861,                     -0.13752939814060225, -0.07062469564891444, -0.02431781679625068, 0.01436153040013125
0.631578947368421, 0.10526315789473684, -0.12582512805887958, -0.22203048151208218,                     -0.10470543127572088, -0.05833526669007375, -0.02330758331764805, 0.009479057086873792
0.6842105263157895, 0.10526315789473684, -0.13094687207713196, -0.24072521952239948,                     -0.0769759513030543, -0.04700999839834257, -0.021102859881392422, 0.00482572030590143
0.7368421052631579, 0.10526315789473684, -0.13537852412285667, -0.25891768992001485,                     -0.05389013463198079, -0.036318704900027546, -0.017645363158131037, 0.0005626556726765706
0.7894736842105263, 0.10526315789473684, -0.13921363542454368, -0.276586071099479,                     -0.035110160092103736, -0.026171866813484383, -0.013151606171914501, -0.0030028155070393374
0.8421052631578947, 0.10526315789473684, -0.14255257976978064, -0.29373890064623964,                     -0.020351071253646925, -0.016432156219703627, -0.007833873205919462, -0.005395041807400856
0.8947368421052632, 0.10526315789473684, -0.14550566044581348, -0.31042525951796107,                     -0.009555359612218985, -0.007918387450613979, -0.0029842914553908344, -0.0054982553253937975
0.9473684210526315, 0.10526315789473684, -0.1481989472587918, -0.32674685987522817,                     -0.002822479634680309, 0.00015643663886757785, 0.0017905235086301257, -0.0022380404393910675
1.0, 0.10526315789473684, -0.15078558078375137, -0.34287305249998296,                     -0.000258300313804532, 0.003259668878772828, 0.0007653387358230841, 0.007962358367620772
0.0, 0.15789473684210525, 0.0, 0.0,                     -0.477553980654722, -0.26476703083674147, -0.20223316415110865, -0.09326496190829275
0.05263157894736842, 0.15789473684210525, -0.009409649564563624, -0.011022197935032563,                     -0.519539659205087, -0.28665168055138834, -0.1884937231854466, -0.1340190008394419
0.10526315789473684, 0.15789473684210525, -0.019113509267291204, -0.025897794348047065,                     -0.5039704514384843, -0.344100110193605, -0.20792004419897644, -0.10448512898612973
0.15789473684210525, 0.15789473684210525, -0.02954133179126725, -0.04357714798559009,                     -0.504148605794664, -0.3361272455074179, -0.18324946552885718, -0.05972573703248938
0.21052631578947367, 0.15789473684210525, -0.04048814006873047, -0.0629344163279593,                     -0.4718112130679037, -0.30847569424446536, -0.15509163793409583, -0.020368046723058995
0.2631578947368421, 0.15789473684210525, -0.051457394286455904, -0.08314101616911258,                     -0.42774268579299485, -0.269318271015302, -0.1266951298247618, 0.004304711858750235
0.3157894736842105, 0.15789473684210525, -0.06204484233626045, -0.10371604996293324,                     -0.37489447705456524, -0.23141187504169913, -0.1049022739864421, 0.017328519066464897
0.3684210526315789, 0.15789473684210525, -0.07199402302669933, -0.12438442680403132,                     -0.32220756791343047, -0.1977957516669911, -0.08883003597363731, 0.022340143020547508
0.42105263157894735, 0.15789473684210525, -0.08116743393565845, -0.14497599759660335,                     -0.2721821500718909, -0.16896860606668154, -0.07711712425250056, 0.022485830111106456
0.47368421052631576, 0.15789473684210525, -0.08950738116951956, -0.1653714313676518,                     -0.2264330716776487, -0.1443424050631036, -0.06820291153406983, 0.019802373054397263
0.5263157894736842, 0.15789473684210525, -0.0970058061177026, -0.18547672602779372,                     -0.1853714621295867, -0.12304711343733696, -0.06084630791119637, 0.015540386886851857
0.5789473684210527, 0.15789473684210525, -0.10368473165422976, -0.20521268279270458,                     -0.14896747011362044, -0.10427696385801592, -0.054149848561238875, 0.010460648003196953
0.631578947368421, 0.15789473684210525, -0.10958464070836327, -0.22451173844582772,                     -0.11698562798687738, -0.08736743208181194, -0.04751043147244215, 0.005047308932072948
0.6842105263157895, 0.15789473684210525, -0.11475802715221495, -0.24331847805535942,                     -0.08913078420484809, -0.07181697579279855, -0.04057465079924427, -0.0003299944193024939
0.7368421052631579, 0.15789473684210525, -0.11926625521941592, -0.2615922436228923,                     -0.06510999816399231, -0.057240858655456986, -0.03316788547818281, -0.005300894395484255
0.7894736842105263, 0.15789473684210525, -0.12317876612555079, -0.27931123110411543,                     -0.044715756791109534, -0.04349213647810436, -0.025409771407179527, -0.00933659887800752
0.8421052631578947, 0.15789473684210525, -0.12657441379002865, -0.2964778006457861,                     -0.02777009290721568, -0.030238527315933388, -0.017299947529798472, -0.011726114439488159
0.8947368421052632, 0.15789473684210525, -0.12954534662569084, -0.3131246674596036,                     -0.014536594630508904, -0.018357865057281545, -0.010148155904374023, -0.010992877907959418
0.9473684210526315, 0.15789473684210525, -0.13220450750759472, -0.3293214953852364,                     -0.004946790613582724, -0.005532108872063792, -0.0020797674496548877, -0.005960698848311807
1.0, 0.15789473684210525, -0.1346990231937838, -0.34518212778874574,                     -0.0010684472261774148, 0.0004661920479793542, -0.0019047631581188094, 0.008536679745360617
0.0, 0.21052631578947367, 0.0, 0.0,                     -0.38296171475897123, -0.27761242265037384, -0.22255235954701086, -0.07440724001000035
0.05263157894736842, 0.21052631578947367, -0.007673852107309344, -0.012000268128044972,                     -0.41309111196553755, -0.29232512641585395, -0.21225760767731414, -0.11358314079331454
0.10526315789473684, 0.21052631578947367, -0.015463721793005161, -0.027016872857686863,                     -0.39770274718506327, -0.3399817383502829, -0.23592543169614927, -0.10580975796921031
0.15789473684210525, 0.21052631578947367, -0.023739564915171735, -0.044495566993081825,                     -0.4022175567813145, -0.34792484812553104, -0.2296779607292119, -0.0804640710835691
0.21052631578947367, 0.21052631578947367, -0.03253549703788863, -0.06369180579757586,                     -0.39114718603506193, -0.33682807748324955, -0.21324720528461444, -0.048307396171841745
0.2631578947368421, 0.21052631578947367, -0.041623507364878715, -0.0839158917087921,                     -0.36806290147118736, -0.30910137128885995, -0.18923328188295024, -0.02192391104947012
0.3157894736842105, 0.21052631578947367, -0.050689703553890075, -0.10465425721731864,                     -0.3346691041913334, -0.27647648592719376, -0.1657102688146876, -0.004432314620946119
0.3684210526315789, 0.21052631578947367, -0.05946615997317922, -0.12556685789613362,                     -0.2968339991222125, -0.24352439313126345, -0.14457780908955908, 0.005098226529062783
0.42105263157894735, 0.21052631578947367, -0.06776488086341387, -0.14643151979484179,                     -0.25768284869924035, -0.2128150536461716, -0.12652417404752067, 0.008792936808953043
0.47368421052631576, 0.21052631578947367, -0.07547034735123487, -0.1670963367044131,                     -0.21965733859804995, -0.18501155145092146, -0.11107518601608635, 0.00852464781689962
0.5263157894736842, 0.21052631578947367, -0.08252170490260802, -0.18744990409513465,                     -0.18392804442156996, -0.16002024871773887, -0.09754740847861551, 0.005716522981295599
0.5789473684210527, 0.21052631578947367, -0.08889628588705689, -0.20740524870084068,                     -0.15107907825276262, -0.13745092649312052, -0.08527584805565624, 0.0013688879697603235
0.631578947368421, 0.21052631578947367, -0.09459740599489197, -0.22689220726056541,                     -0.1213023961800395, -0.11684288602260418, -0.07372669435882613, -0.003802715640602822
0.6842105263157895, 0.21052631578947367, -0.09964631431311899, -0.24585461444856072,                     -0.09460013328270979, -0.09777564217089534, -0.06253129842759074, -0.009224305459949296
0.7368421052631579, 0.21052631578947367, -0.10407751898264928, -0.2642501727154421,                     -0.07088764120838428, -0.07986136141035471, -0.05144424866165404, -0.014342459485662703
0.7894736842105263, 0.21052631578947367, -0.10793689493041148, -0.28205179855926343,                     -0.05012703066502357, -0.06289847282809467, -0.040477237710252245, -0.018452397047571217
0.8421052631578947, 0.21052631578947367, -0.11128238854338424, -0.29924964021357636,                     -0.032263199125420174, -0.04634812823599541, -0.029385538510268556, -0.02068805687317197
0.8947368421052632, 0.21052631578947367, -0.11418754933343234, -0.31585298924946037,                     -0.01780057315091792, -0.03106618430020569, -0.01939263473745898, -0.019358124760570923
0.9473684210526315, 0.21052631578947367, -0.11674848547169603, -0.33189112763022666,                     -0.006426523480958812, -0.013328239324117131, -0.007214254785852129, -0.01343254235772071
1.0, 0.21052631578947367, -0.1190952228192923, -0.3474118941275791,                     -0.0016984022709079392, -0.0040747460765637854, -0.004617328463929929, 0.0034037686570665376
0.0, 0.2631578947368421, 0.0, 0.0,                     -0.30768365846617424, -0.2885402439452584, -0.2412476304071227, -0.060147017927313355
0.05263157894736842, 0.2631578947368421, -0.006292660545069655, -0.012908164310496406,                     -0.3297998932429101, -0.29885171637997876, -0.23358413662655586, -0.09624924274978693
0.10526315789473684, 0.2631578947368421, -0.012620846402901398, -0.028249155107506668,                     -0.31680192770944604, -0.33702448998400464, -0.25504569199398075, -0.09916761552110849
0.15789473684210525, 0.2631578947368421, -0.01926960473549194, -0.045716481552842914,                     -0.3209781008393061, -0.3492953507858249, -0.25534934397722764, -0.08699449836223752
0.21052631578947367, 0.2631578947368421, -0.0263441960062116, -0.06481134280066259,                     -0.3168129141473516, -0.34743983302093745, -0.24717745189046245, -0.06561513502244844
0.2631578947368421, 0.2631578947368421, -0.03376820036742936, -0.08499744893376898,                     -0.305907705729957, -0.33042739343183575, -0.22988640601894555, -0.04426646302423831
0.3157894736842105, 0.2631578947368421, -0.04135269835858879, -0.10580663252470696,                     -0.28643160716397226, -0.30518352872917187, -0.20897909167484532, -0.027218431920025463
0.3684210526315789, 0.2631578947368421, -0.04888241317733044, -0.12687985947998728,                     -0.2610742988258113, -0.2761191211369343, -0.18727840229202306, -0.0159615763954319
0.42105263157894735, 0.2631578947368421, -0.05617122012905629, -0.14795913496399668,                     -0.23235385332435568, -0.24658040842513618, -0.16660409264513326, -0.009985242066367478
0.47368421052631576, 0.2631578947368421, -0.06308031846750267, -0.16886092670374492,                     -0.20253274738558485, -0.21814360985756973, -0.14747757457552707, -0.008164916748632088
0.5263157894736842, 0.2631578947368421, -0.06951663652164697, -0.18945160669695973,                     -0.17306502094163795, -0.19147409504186355, -0.1298987387983419, -0.009340878337947089
0.5789473684210527, 0.2631578947368421, -0.07542441362287733, -0.20963032512304813,                     -0.14487718183108295, -0.16668453225255883, -0.11360829017889532, -0.012536262329699276
0.631578947368421, 0.2631578947368421, -0.0807762120209754, -0.2293185825214947,                     -0.11847031111929415, -0.14362420784357832, -0.09829074712884693, -0.016957362291994273
0.6842105263157895, 0.2631578947368421, -0.0855656834596531, -0.2484544285316549,                     -0.09409943001591972, -0.12203921994767114, -0.08366748111926697, -0.021920716350816296
0.7368421052631579, 0.2631578947368421, -0.08980269751257375, -0.2669894401515888,                     -0.07187495451636616, -0.101598462157415, -0.06948804671396197, -0.026761891464254058
0.7894736842105263, 0.2631578947368421, -0.09351089844158544, -0.2848870861630813,                     -0.051918612825569366, -0.08207665867598452, -0.055683197815183154, -0.030678028244849158
0.8421052631578947, 0.2631578947368421, -0.0967277249032572, -0.30212136335706574,                     -0.034272762450385824, -0.06276295508391289, -0.04179182634125524, -0.032740206388265955
0.8947368421052632, 0.2631578947368421, -0.09950704462385274, -0.31867462585112677,                     -0.01961846127938563, -0.04446671262590871, -0.028897745849050475, -0.031208967515878913
0.9473684210526315, 0.2631578947368421, -0.10192462026732285, -0.33453333490625614,                     -0.007319291541242617, -0.022282539806430378, -0.012549240165977164, -0.025297062981212128
1.0, 0.2631578947368421, -0.10408642696319548, -0.34967991846004687,                     -0.0022116617723740898, -0.009974009784802756, -0.006910700064108022, -0.008215000940205634
0.0, 0.3157894736842105, 0.0, 0.0,                     -0.24554180871769335, -0.2978859518835058, -0.25798372236505857, -0.04825865187536633
0.05263157894736842, 0.3157894736842105, -0.005126262696749914, -0.01374061089817702,                     -0.26360164215938264, -0.30525823340203384, -0.25125378981618274, -0.08125093576619795
0.10526315789473684, 0.3157894736842105, -0.010249246956278518, -0.029512618725127115,                     -0.2520997880638768, -0.3360826626136671, -0.2697925901084425, -0.09056197477282395
0.15789473684210525, 0.3157894736842105, -0.015583938997201563, -0.0471296197154325,                     -0.2546437350338649, -0.3491620557148302, -0.27301330169411736, -0.08818992114343244
0.21052631578947367, 0.3157894736842105, -0.02124851816813811, -0.06624114749510263,                     -0.2530080086393797, -0.3520105101886175, -0.26960043496974956, -0.07649930596058994
0.2631578947368421, 0.3157894736842105, -0.02724217088157105, -0.08643023995414573,                     -0.24807311197727916, -0.3420544822665554, -0.25740437717131964, -0.06176614557581231
0.3157894736842105, 0.3157894736842105, -0.03346742346041903, -0.10729285457919982,                     -0.23710195762032688, -0.32323477408077017, -0.23993441771331636, -0.04794858244852244
0.3684210526315789, 0.3157894736842105, -0.03977608822884282, -0.12848454430038153,                     -0.22095978146735182, -0.2988171602617675, -0.2195909483181911, -0.037419488625531176
0.42105263157894735, 0.3157894736842105, -0.04601319749401789, -0.1497344265170786,                     -0.20097446783969516, -0.27188331304916, -0.19843400491611973, -0.03079588441291239
0.47368421052631576, 0.3157894736842105, -0.052043803185210014, -0.17083795387166728,                     -0.17876476720298867, -0.24439579314627533, -0.17758284172818603, -0.027780364233432654
0.5263157894736842, 0.3157894736842105, -0.05776290261405442, -0.1916420522229616,                     -0.15565076488052432, -0.21750896310819065, -0.15757386674790963, -0.02768761792233671
0.5789473684210527, 0.3157894736842105, -0.06309544974051284, -0.2120308970452847,                     -0.13260888468212578, -0.19175565641572492, -0.13854827152343824, -0.029759932043886723
0.631578947368421, 0.3157894736842105, -0.0679922755478598, -0.2319150353563371,                     -0.11027933540700273, -0.1672920559027197, -0.1204497782997884, -0.03327847586213664
0.6842105263157895, 0.3157894736842105, -0.07242526116208514, -0.25122376826939347,                     -0.08906960982864355, -0.14405608332029957, -0.10313833518650506, -0.037565863580040534
0.7368421052631579, 0.3157894736842105, -0.07638336140947077, -0.2698997748562591,                     -0.06922487102638678, -0.12180671880904155, -0.0864018662226534, -0.04194217664217515
0.7894736842105263, 0.3157894736842105, -0.0798701818980978, -0.28789479156192266,                     -0.050979832475468834, -0.10032240318424651, -0.07011921388567184, -0.04560097991373103
0.8421052631578947, 0.3157894736842105, -0.0829034512007698, -0.3051651824422877,                     -0.034428776703433334, -0.07877007730314894, -0.0536609744695492, -0.04765018336564545
0.8947368421052632, 0.3157894736842105, -0.08551659830010472, -0.3216662147932523,                     -0.020359580922797226, -0.05790366627138748, -0.03794893789059985, -0.04644384499669583
0.9473684210526315, 0.3157894736842105, -0.08776250309194167, -0.337343714216684,                     -0.007780870680083846, -0.03191798291434789, -0.01766668478025975, -0.041503386694409276
1.0, 0.3157894736842105, -0.08971906927417628, -0.35212142279163755,                     -0.002642251916325507, -0.016874389133417437, -0.008718940465672684, -0.02598846303380584
0.0, 0.3684210526315789, 0.0, 0.0,                     -0.19154663593154028, -0.3059519620819494, -0.2732780973568183, -0.03782273439129703
0.05263157894736842, 0.3684210526315789, -0.004092426073609642, -0.01451514840119067,                     -0.20700445287040717, -0.31128617736308944, -0.26702258430838216, -0.0686422481782413
0.10526315789473684, 0.3684210526315789, -0.008161621140674369, -0.03078775877369072,                     -0.19644970485277394, -0.33666355914449253, -0.28298043734281647, -0.08216581832902425
0.15789473684210525, 0.3684210526315789, -0.0123709720600918, -0.04868348691441854,                     -0.19773670482980207, -0.34891645822757117, -0.28682772774967635, -0.08689717855654594
0.21052631578947367, 0.3684210526315789, -0.016832626918220905, -0.0679360913632161,                     -0.19689792710056214, -0.3535987790331972, -0.28545432839670004, -0.08321106628537814
0.2631578947368421, 0.3684210526315789, -0.021582352871105576, -0.08821050709441403,                     -0.194842751620895, -0.34782580671616214, -0.2763572439263603, -0.07524671286396942
0.3157894736842105, 0.3684210526315789, -0.026581545928934136, -0.10916038748103235,                     -0.18904235224772764, -0.3337754849390849, -0.26168085848224343, -0.06603066868096433
0.3684210526315789, 0.3684210526315789, -0.031738888055473646, -0.1304689474311309,                     -0.1794163206833627, -0.3135575250111831, -0.243110105948393, -0.05790978688990928
0.42105263157894735, 0.3684210526315789, -0.03693882200842341, -0.1518694906288042,                     -0.16635340949308453, -0.2896399392371977, -0.22249338521936798, -0.05206888200209625
0.47368421052631576, 0.3684210526315789, -0.04206544061163653, -0.17314902258669473,                     -0.15079415002775645, -0.26394465392109634, -0.20113613905165958, -0.04885378262139156
0.5263157894736842, 0.3684210526315789, -0.047016833222521315, -0.19414195842175974,                     -0.13369937244016383, -0.2378186845135721, -0.17987583213757194, -0.04807598126222126
0.5789473684210527, 0.3684210526315789, -0.05171089523740857, -0.21472034486645847,                     -0.11590012794482449, -0.21206199961982983, -0.15915060218870855, -0.04929748196247312
0.631578947368421, 0.3684210526315789, -0.05608583976328341, -0.2347842905876507,                     -0.09802596730451067, -0.18706990596779988, -0.13913179991259098, -0.051985561493137045
0.6842105263157895, 0.3684210526315789, -0.06009827491326558, -0.2542538397302299,                     -0.08053102942197746, -0.1629550271476369, -0.11982320233002201, -0.055570497804192355
0.7368421052631579, 0.3684210526315789, -0.0637207087109547, -0.2730621236597096,                     -0.06372120085080575, -0.13957796656899754, -0.10107490069858878, -0.059449358178541085
0.7894736842105263, 0.3684210526315789, -0.06693954756453535, -0.29114900301997326,                     -0.047884734079435304, -0.11674261998996396, -0.08274141808868987, -0.06290421863936659
0.8421052631578947, 0.3684210526315789, -0.0697541873715487, -0.3084541673634661,                     -0.03311508963736747, -0.09354956597881961, -0.06408457359387194, -0.06517185882898383
0.8947368421052632, 0.3684210526315789, -0.07217754134061993, -0.32490855072377084,                     -0.02024145035571432, -0.070692082075865, -0.04585688791268655, -0.06482051344771902
0.9473684210526315, 0.3684210526315789, -0.07423813050408423, -0.34042284841281495,                     -0.00789823230609326, -0.04175578777809702, -0.02219983189140998, -0.061711298884385236
1.0, 0.3684210526315789, -0.0759834707654592, -0.3548718647029473,                     -0.00299334128693421, -0.024417174394358362, -0.009991002053449704, -0.04929636831992534
0.0, 0.42105263157894735, 0.0, 0.0,                     -0.1424418010162867, -0.3131265859034554, -0.28774426959980837, -0.028259803003557276
0.05263157894736842, 0.42105263157894735, -0.003135962320790789, -0.015255166608313941,                     -0.15635731600663658, -0.3169648390635196, -0.28159273428835924, -0.05791936410810518
0.10526315789473684, 0.42105263157894735, -0.006237419912094658, -0.03208449463705687,                     -0.1464667781016855, -0.33829221428645667, -0.2953344379581079, -0.07468870681699145
0.15789473684210525, 0.42105263157894735, -0.009431519463799443, -0.05036688730633476,                     -0.14682302118334256, -0.34909473437402955, -0.29868736369901383, -0.08503318527340582
0.21052631578947367, 0.42105263157894735, -0.012820420456258835, -0.06987799148086815,                     -0.1461552638920378, -0.35406600816528433, -0.297766853696689, -0.08806299515539934
0.2631578947368421, 0.42105263157894735, -0.016457987927191386, -0.09033360219222714,                     -0.14562719000420424, -0.3504434663761551, -0.29009992893350167, -0.08635548954729341
0.3157894736842105, 0.42105263157894735, -0.020342941516101942, -0.11143142095322117,                     -0.14308732415533892, -0.3394578303107097, -0.2770786008808022, -0.0820382143039623
0.3684210526315789, 0.42105263157894735, -0.02442681371349209, -0.13288361653828562,                     -0.13806444998912978, -0.32243786749202047, -0.2598632764944892, -0.07714585294283943
0.42105263157894735, 0.42105263157894735, -0.028630554816804932, -0.15443672259104224,                     -0.13040499515716783, -0.30125066225468544, -0.23996961209619835, -0.07303614359770212
0.47368421052631576, 0.42105263157894735, -0.032862442828470007, -0.17587940228867172,                     -0.12049128569771914, -0.2775591547916833, -0.21864343392799349, -0.07043672498489029
0.5263157894736842, 0.42105263157894735, -0.037032128431669975, -0.19704137403715993,                     -0.10888108055394481, -0.25268693686182564, -0.1968214041334491, -0.06956137341955108
0.5789473684210527, 0.42105263157894735, -0.0410591143266118, -0.21778753136599274,                     -0.0961671659270606, -0.2275408200949841, -0.17510430572108693, -0.0702986584181181
0.631578947368421, 0.42105263157894735, -0.04487647532644978, -0.2380103653097173,                     -0.08286667843821377, -0.20265915034381873, -0.1538196299686651, -0.07235393997762991
0.6842105263157895, 0.42105263157894735, -0.048431488596264005, -0.2576222926852984,                     -0.0693958433859054, -0.17828443825150928, -0.1330877331550966, -0.07533293594189268
0.7368421052631579, 0.42105263157894735, -0.05168469151685462, -0.27654823931305644,                     -0.05605435462612652, -0.15437193763608587, -0.11282507115255053, -0.07878182539337737
0.7894736842105263, 0.42105263157894735, -0.05460845005566384, -0.2947180455779173,                     -0.043127117449993535, -0.13076421717358228, -0.09288238206173077, -0.08214791442169389
0.8421052631578947, 0.42105263157894735, -0.05718574881501115, -0.31205784469405823,                     -0.030657578192740446, -0.1065516955842785, -0.07247419675891043, -0.08487462179038446
0.8947368421052632, 0.42105263157894735, -0.059409671290038046, -0.32847937007359407,                     -0.019454707425920714, -0.082357991879055, -0.0521816642917014, -0.08584491447240433
0.9473684210526315, 0.42105263157894735, -0.06128386171384237, -0.3438661115001307,                     -0.007760372393241812, -0.051452299289408976, -0.02592432483766025, -0.08528532814380071
1.0, 0.42105263157894735, -0.06282402750400107, -0.35805539444072515,                     -0.0032848337026410044, -0.03235310087460098, -0.0107453721210652, -0.07722614069075336
0.0, 0.47368421052631576, 0.0, 0.0,                     -0.0959245533595105, -0.3197618431557253, -0.30193842209917554, -0.01912868547990846
0.05263157894736842, 0.47368421052631576, -0.0022149948081679888, -0.01598590335782979,                     -0.10901441691969503, -0.32239713994545655, -0.2955775182401824, -0.04870711965899569
0.10526315789473684, 0.47368421052631576, -0.004387946238640708, -0.0334291880820104,                     -0.09948533017971396, -0.34064545965023724, -0.3074428405920236, -0.06851756991651076
0.15789473684210525, 0.47368421052631576, -0.006621891546401859, -0.0521965911367952,                     -0.09922025202982636, -0.3497103158685121, -0.3096100787516992, -0.0837221781810764
0.21052631578947367, 0.47368421052631576, -0.00901114784533591, -0.07207622019721321,                     -0.09863731197342436, -0.3539939610227523, -0.30799530103091677, -0.09253896879150898
0.2631578947368421, 0.47368421052631576, -0.01162012988241612, -0.09281074781945209,                     -0.09913117439423869, -0.3510592108687275, -0.30038793809770037, -0.09645516229117916
0.3157894736842105, 0.47368421052631576, -0.014472370270317836, -0.11412817795297081,                     -0.09891211179516696, -0.34171409926534874, -0.28786653961378983, -0.09687879692762429
0.3684210526315789, 0.47368421052631576, -0.017550782778296414, -0.1357662326211631,                     -0.09738439097743794, -0.32682151176400487, -0.27127451427708055, -0.09547358344491234
0.42105263157894735, 0.47368421052631576, -0.02080637238471339, -0.15748846835245772,                     -0.09409001108843151, -0.30777295365894686, -0.251829473820614, -0.0935786731887309
0.47368421052631576, 0.47368421052631576, -0.02417072885442212, -0.1790921030588803,                     -0.08901128168880022, -0.28592379658874534, -0.23062314156416844, -0.09212134141272685
0.5263157894736842, 0.47368421052631576, -0.027568038101212666, -0.20040909161441745,                     -0.08235733829025904, -0.26245436966729907, -0.208558371073382, -0.0916027908951641
0.5789473684210527, 0.47368421052631576, -0.030924131200519733, -0.22130274566267627,                     -0.07446660063202912, -0.23825401338864072, -0.18628100764429886, -0.09219389512542389
0.631578947368421, 0.47368421052631576, -0.03417196668818845, -0.24166201529998355,                     -0.06569797396160597, -0.21391251135392278, -0.16419514122922763, -0.09384195026063487
0.6842105263157895, 0.47368421052631576, -0.03725408900792859, -0.26139478072644307,                     -0.056379625979926115, -0.18974874617517268, -0.14249534669880357, -0.09635806637105275
0.7368421052631579, 0.47368421052631576, -0.04012297253501529, -0.28042061583793654,                     -0.046759573526152676, -0.1657964613995418, -0.12115626414419038, -0.0994805347062256
0.7894736842105263, 0.47368421052631576, -0.04274009077569407, -0.2986627713638351,                     -0.03707716271901006, -0.14194504647296732, -0.10003941838512588, -0.10287467629212202
0.8421052631578947, 0.47368421052631576, -0.04507436407903287, -0.3160386506774371,                     -0.027289802637475366, -0.11733228469231691, -0.07837307301902434, -0.10624814655067719
0.8947368421052632, 0.47368421052631576, -0.04710049728787025, -0.3324477919763963,                     -0.018130224869216977, -0.09250180151276055, -0.05656849937671802, -0.10888152988307158
0.9473684210526315, 0.47368421052631576, -0.04879765706324435, -0.34775631921304256,                     -0.007433960128970016, -0.0607150234759298, -0.02864340645324653, -0.11139566029968652
1.0, 0.47368421052631576, -0.05014892219860101, -0.3617770494552319,                     -0.003524933745969827, -0.04048506422504333, -0.01097526613907916, -0.10867659630254704
0.0, 0.5263157894736842, 0.0, 0.0,                     -0.05011858042591641, -0.3261887523888902, -0.3164472868946874, -0.010067900221679854
0.05263157894736842, 0.5263157894736842, -0.001293513906082358, -0.016734852365943076,                     -0.062938332556178, -0.32773234171768034, -0.3095363432467528, -0.040757510831794616
0.10526315789473684, 0.5263157894736842, -0.0025385189023628407, -0.03486089266238929,                     -0.05351091370597392, -0.34351755832563524, -0.3197047005754629, -0.0639121311067292
0.15789473684210525, 0.5263157894736842, -0.0038241678817653446, -0.05421184280666619,                     -0.0529188439520177, -0.3506024549102985, -0.3200851177324997, -0.08376232023062014
0.21052631578947367, 0.5263157894736842, -0.005242042060078361, -0.0745658908527333,                     -0.05257597131160354, -0.3534799416122436, -0.31684122431147954, -0.0978037086501665
0.2631578947368421, 0.5263157894736842, -0.00686558530595649, -0.09567447909906701,                     -0.05406847814899936, -0.3501387382060125, -0.30815246346754344, -0.10676610873216186
0.3157894736842105, 0.5263157894736842, -0.00873662152529392, -0.11728478654453905,                     -0.05586960005204865, -0.3412813017216076, -0.295065473706678, -0.1115423295725207
0.3684210526315789, 0.5263157894736842, -0.010861228677662982, -0.13915612287996126,                     -0.057336193888746584, -0.32753410885480416, -0.2782823854335474, -0.11350155954376444
0.42105263157894735, 0.5263157894736842, -0.013213649075025424, -0.16107065303203483,                     -0.0578271625497671, -0.3099543654629985, -0.25880610637812174, -0.11392171546003256
0.47368421052631576, 0.5263157894736842, -0.015744969090237704, -0.1828388819446929,                     -0.057048414746484394, -0.2896111410608602, -0.23755398879882614, -0.1138342210610128
0.5263157894736842, 0.5263157894736842, -0.018393091749892676, -0.2043006963784405,                     -0.05493430778278854, -0.26748782905783075, -0.21532080955957414, -0.11393586199207316
0.5789473684210527, 0.5263157894736842, -0.021091473751720935, -0.22532313011643268,                     -0.05159588108173901, -0.2443749948565459, -0.19271146847955742, -0.11462014193418012
0.631578947368421, 0.5263157894736842, -0.023775395195228755, -0.245796047553281,                     -0.047230909638291865, -0.22084008405716138, -0.1701356388327515, -0.11604942746290955
0.6842105263157895, 0.5263157894736842, -0.026385556338571536, -0.2656265937562207,                     -0.04206279514131325, -0.19722800741211516, -0.14781687462643514, -0.11823714708101768
0.7368421052631579, 0.5263157894736842, -0.028869332408113957, -0.28473271239662795,                     -0.036268870546370444, -0.1736326399835671, -0.12577348024723234, -0.12112570389634515
0.7894736842105263, 0.5263157894736842, -0.031180166941382703, -0.3030354769649359,                     -0.030021850059740604, -0.1499969896913843, -0.10388837298183327, -0.1246225346584934
0.8421052631578947, 0.5263157894736842, -0.033275557635575104, -0.3204495236246402,                     -0.023178132942111736, -0.1255672612655472, -0.08146321715715735, -0.1287319186030846
0.8947368421052632, 0.5263157894736842, -0.03511406083466906, -0.3368705608700488,                     -0.01634675220236362, -0.10080316386568071, -0.058748600709585534, -0.1331949932120819
0.9473684210526315, 0.5263157894736842, -0.03665181033534448, -0.3521588055004102,                     -0.006962220240866487, -0.06929684999955768, -0.030183372217325647, -0.13905949374825535
1.0, 0.5263157894736842, -0.03783924571241326, -0.3661173497274048,                     -0.003712837514237319, -0.04867388487186645, -0.010669020207443373, -0.14235151426175233
0.0, 0.5789473684210527, 0.0, 0.0,                     -0.0033111328897085434, -0.3327565882216562, -0.3319520535810117, -0.0007367490684236615
0.05263157894736842, 0.5789473684210527, -0.0003363121182488396, -0.017534224007339727,                     -0.016352516682263177, -0.3331504331916446, -0.32404382261356307, -0.033974892254682545
0.10526315789473684, 0.5789473684210527, -0.0006171513052623812, -0.036432704767041524,                     -0.006785003355261987, -0.34676800664322094, -0.3324789080878185, -0.06121945005886876
0.15789473684210525, 0.5789473684210527, -0.00092781887531454, -0.056474082257696234,                     -0.006179647405012113, -0.35150708359157795, -0.3303589032287674, -0.08590901614379486
0.21052631578947367, 0.5789473684210527, -0.0013644636505374674, -0.07740774820696594,                     -0.006424733417341406, -0.35230094944234186, -0.3245474675107147, -0.10487053792221132
0.2631578947368421, 0.5789473684210527, -0.0020116167423064324, -0.09898086107567916,                     -0.009238320840094377, -0.3476397648903965, -0.3137174851931347, -0.1183509801500769
0.3157894736842105, 0.5789473684210527, -0.002926443791896105, -0.12095262008295815,                     -0.013211788326035498, -0.33832545261856617, -0.29908285213871927, -0.12695443070874182
0.3684210526315789, 0.5789473684210527, -0.004132248720531362, -0.14310181602041966,                     -0.0176396466994373, -0.32489628596272363, -0.2813245506949222, -0.1318985660859916
0.42105263157894735, 0.5789473684210527, -0.005620009029063233, -0.16523086976180484,                     -0.021738204572863084, -0.30817680664752367, -0.2612952496311623, -0.13443977323578446
0.47368421052631576, 0.5789473684210527, -0.0073550305148446515, -0.18716748176386455,                     -0.02500918933426625, -0.28898063959701237, -0.2397371301595263, -0.13568573947054893
0.5263157894736842, 0.5789473684210527, -0.00928564452479208, -0.20876426775957596,                     -0.027176967689803287, -0.26807266334529906, -0.21729452555677078, -0.13647284468963525
0.5789473684210527, 0.5789473684210527, -0.011351567093323744, -0.22989671343583806,                     -0.028169232054448577, -0.24609399485548142, -0.1944707003464587, -0.1373620752963741
0.631578947368421, 0.5789473684210527, -0.013490507235339066, -0.2504598475654157,                     -0.02804541303985063, -0.22353476932512353, -0.17162309321055044, -0.13868886951156315
0.6842105263157895, 0.5789473684210527, -0.015642438687441085, -0.27036393632732647,                     -0.026933509485961103, -0.2007236883983151, -0.1489625591547046, -0.1406413250317032
0.7368421052631579, 0.5789473684210527, -0.017751454066856076, -0.2895292190416662,                     -0.02494581900585017, -0.17779760507628384, -0.12653406449107044, -0.1433492320084786
0.7894736842105263, 0.5789473684210527, -0.01976532422363142, -0.30787931649564787,                     -0.022190136054443137, -0.15476073155890072, -0.10425016933529095, -0.1469553129758856
0.8421052631578947, 0.5789473684210527, -0.021632922168757673, -0.3253325296520919,                     -0.0184336900654184, -0.1310325136645703, -0.0815427671659402, -0.1517622196196207
0.8947368421052632, 0.5789473684210527, -0.02329969803829146, -0.3417898718483822,                     -0.014127988838874311, -0.10700032356487513, -0.05852485052248328, -0.15800694911742316
0.9473684210526315, 0.5789473684210527, -0.02470154109985867, -0.35711841076548617,                     -0.006355474415177199, -0.07696370199410774, -0.03038219034034119, -0.16718867711800875
1.0, 0.5789473684210527, -0.025757720709978615, -0.3711284469095089,                     -0.0038297640445375163, -0.056792445939392595, -0.0098046304493629, -0.17676239894473775
0.0, 0.631578947368421, 0.0, 0.0,                     0.0462872303274076, -0.3398714167289351, -0.3493298956458388, 0.00923560686199906
0.05263157894736842, 0.631578947368421, 0.0006956834951391058, -0.018425315667189968,                     0.03250860611411406, -0.33886158675671146, -0.3397579766308704, -0.028465497576461562
0.10526315789473684, 0.631578947368421, 0.0014550949390287338, -0.0382171425558433,                     0.04242755112669805, -0.35025518497259117, -0.34609795630599266, -0.061018545523787
0.15789473684210525, 0.631578947368421, 0.0021847610893380442, -0.05907096654978239,                     0.04261754644649946, -0.35202089393784053, -0.3404555180564752, -0.09105195902278518
0.21052631578947367, 0.631578947368421, 0.0027741310187273105, -0.08069056916089967,                     0.04119874573839796, -0.3499537361734944, -0.33097295543049715, -0.1147591355572781
0.2631578947368421, 0.631578947368421, 0.0031233461753980007, -0.1028113175035199,                     0.03641474362401577, -0.3431318618355438, -0.31692927756058853, -0.13220240870949995
0.3157894736842105, 0.631578947368421, 0.0031612910966347108, -0.12520264324792085,                     0.029735224669987466, -0.3325834551884051, -0.299837788547043, -0.14396282929678017
0.3684210526315789, 0.631578947368421, 0.002852610353505536, -0.14766427615214406,                     0.021996235798772298, -0.31882761298395623, -0.28040993063208686, -0.15129351604758143
0.42105263157894735, 0.631578947368421, 0.002196272368946317, -0.17002215503224793,                     0.014131973410146935, -0.30250254598819226, -0.2593689491739544, -0.1555181967873011
0.47368421052631576, 0.631578947368421, 0.0012191224306099535, -0.19212531745564604,                     0.006806130200592251, -0.28417880927273115, -0.23726944266525818, -0.15783554708966438
0.5263157894736842, 0.631578947368421, -3.256897389536384e-05, -0.21384345719534625,                     0.0004521094045214974, -0.26438720915123143, -0.21457083139997338, -0.15919224837669335
0.5789473684210527, 0.631578947368421, -0.0015014043808101452, -0.2350646206005521,                     -0.004721685392311613, -0.24358454073716182, -0.19162850911723978, -0.16027013405980053
0.631578947368421, 0.631578947368421, -0.0031256916959379044, -0.25569269474403633,                     -0.008671512370774752, -0.22214270836844904, -0.16870149341137752, -0.16152934190284982
0.6842105263157895, 0.631578947368421, -0.0048441434564180375, -0.2756444718000903,                     -0.011455205514605422, -0.2003395877078661, -0.14595165448209632, -0.16328796462400552
0.7368421052631579, 0.631578947368421, -0.006598149532087927, -0.29484602229013274,                     -0.01314335571947897, -0.1783383354695252, -0.12343212266387761, -0.1658219777421057
0.7894736842105263, 0.631578947368421, -0.008331458014303461, -0.31322787940634367,                     -0.013800318155586062, -0.15621142494618193, -0.10109051014420456, -0.16947143887115004
0.8421052631578947, 0.631578947368421, -0.009987078158069762, -0.33071816961566275,                     -0.013144855921029815, -0.133615072907725, -0.07853838008867263, -0.17480297661494024
0.8947368421052632, 0.631578947368421, -0.011501187399733381, -0.34723236890901105,                     -0.011457399336358039, -0.1108984135556916, -0.05579365357646027, -0.18254339288271473
0.9473684210526315, 0.631578947368421, -0.012793933086423848, -0.3626578863482806,                     -0.005589904969144123, -0.08347373506831068, -0.029104339579517566, -0.194638000671334
1.0, 0.631578947368421, -0.01375739583737634, -0.37683129026613055,                     -0.0038369593438002014, -0.06467826133224507, -0.008365494002671824, -0.21023422364870206
0.0, 0.6842105263157895, 0.0, 0.0,                     0.10078646607998387, -0.34814489314417607, -0.36989885768550645, 0.020298544482103036
0.05263157894736842, 0.6842105263157895, 0.0018513478267360994, -0.0194660083916961,                     0.0856267141006143, -0.34511888499098825, -0.35750122399461687, -0.024658983629889043
0.10526315789473684, 0.6842105263157895, 0.003775438347933452, -0.04031630435081979,                     0.09602582740195646, -0.3537653215343529, -0.3608550326990729, -0.06430461031236163
0.15789473684210525, 0.6842105263157895, 0.00565339247819277, -0.062124650929236025,                     0.09509990944689105, -0.35150118503829203, -0.35011837152923864, -0.10038685127329543
0.21052631578947367, 0.6842105263157895, 0.007347139547427689, -0.08453600700937769,                     0.09154995673220413, -0.3456016112900755, -0.3355663726422353, -0.12860739878749802
0.2631578947368421, 0.6842105263157895, 0.008736553122184187, -0.10727467209151731,                     0.0837490627997762, -0.33580916135948674, -0.317175454461242, -0.14928447038509537
0.3157894736842105, 0.6842105263157895, 0.00973870851279629, -0.13012601706700233,                     0.07345099602657651, -0.32342073905559043, -0.29680703536495145, -0.1633126243497331
0.3684210526315789, 0.6842105263157895, 0.010312569479569489, -0.15291717945542316,                     0.061717028540776715, -0.3089158011058335, -0.27516556996347025, -0.17220315879421713
0.42105263157894735, 0.6842105263157895, 0.010454986845673808, -0.17550343965976345,                     0.049653234874918684, -0.2927279065980838, -0.2528034795469148, -0.1774565872755131
0.47368421052631576, 0.6842105263157895, 0.010192624225379754, -0.19776010484850026,                     0.03805826655023464, -0.2751653992965425, -0.23004578883328436, -0.18039248381447529
0.5263157894736842, 0.6842105263157895, 0.009572772838683963, -0.2195780691211091,                     0.027474137653209385, -0.2565034923319562, -0.20712752531214462, -0.1820492377449386
0.5789473684210527, 0.6842105263157895, 0.008654785521316044, -0.24086137649113087,                     0.018196476250073004, -0.23698774127311883, -0.18421791529526482, -0.18318713425103356
0.631578947368421, 0.6842105263157895, 0.007503068485661513, -0.26152567048742914,                     0.010332541158926435, -0.2168413844874099, -0.16144171453403128, -0.18433939407227667
0.6842105263157895, 0.6842105263157895, 0.006182119538544195, -0.2814968594218449,                     0.00386357343384831, -0.19626320872079914, -0.1388820279468502, -0.18589883052330936
0.7368421052631579, 0.6842105263157895, 0.0047539210757940875, -0.3007095208707599,                     -0.0012701594217426708, -0.17542402816875796, -0.11658021994299213, -0.18822836767973822
0.7894736842105263, 0.6842105263157895, 0.0032780323729193483, -0.31910450339630053,                     -0.005122755457708153, -0.15446693269536022, -0.09451995264600754, -0.19179837364109348
0.8421052631578947, 0.6842105263157895, 0.0018149142640969673, -0.3366248723114006,                     -0.0074295189898175625, -0.13333463521288824, -0.07252582035558816, -0.19736438317916907
0.8947368421052632, 0.6842105263157895, 0.00043325564283225315, -0.353208800307412,                     -0.008313587378130045, -0.11239438387202376, -0.050582406981517856, -0.20607834420698673
0.9473684210526315, 0.6842105263157895, -0.0007778044710887722, -0.3687772566272346,                     -0.004616501128545187, -0.08856730470626839, -0.026271229680613028, -0.22026777875415393
1.0, 0.6842105263157895, -0.0016908290782614577, -0.38321350163016005,                     -0.003677676653452249, -0.07207892261196941, -0.006360566912137429, -0.2409469001060604
0.0, 0.7368421052631579, 0.0, 0.0,                     0.16313956942890145, -0.3582138117489752, -0.3955285049402889, 0.033057483749327585
0.05263157894736842, 0.7368421052631579, 0.0031990418719508307, -0.020744500484511375,                     0.14553807154658768, -0.35216413796548596, -0.3783329071713499, -0.023529900932783877
0.10526315789473684, 0.7368421052631579, 0.0064764275724602804, -0.042879253351718716,                     0.15632263701532537, -0.35671664798337427, -0.3767721821686453, -0.07280053498447943
0.15789473684210525, 0.7368421052631579, 0.009660193764807395, -0.0658048670816368,                     0.15299038626783715, -0.3487673152268152, -0.35853683281350995, -0.11556617720274959
0.21052631578947367, 0.7368421052631579, 0.012568244033271697, -0.08910528218376534,                     0.14573163035941528, -0.3378494837795017, -0.3371460702693085, -0.14771995736072632
0.2631578947368421, 0.7368421052631579, 0.015057716377748775, -0.11250871962144848,                     0.13333086910932826, -0.32437638282169223, -0.3132627650194516, -0.17051068837938793
0.3157894736842105, 0.7368421052631579, 0.017040383393566727, -0.13583274313431115,                     0.11809723129815657, -0.3098038907596904, -0.28898343506146773, -0.18558607127508195
0.3684210526315789, 0.7368421052631579, 0.018479719173349507, -0.15894448119087,                     0.10139418554099408, -0.29443521962004204, -0.26483867068407907, -0.19495073421671164
0.42105263157894735, 0.7368421052631579, 0.019380991277169912, -0.18173713546782677,                     0.08449129035422173, -0.27841147969745494, -0.2410919206163427, -0.20037778363821068
0.47368421052631576, 0.7368421052631579, 0.01977994894098134, -0.20411787305755624,                     0.06826798076664059, -0.2617302659373714, -0.21776305956322936, -0.20332344606296804
0.5263157894736842, 0.7368421052631579, 0.0197323737933226, -0.22600246329957585,                     0.05331174435913721, -0.24438633097259452, -0.19481837297494117, -0.20489073928602963
0.5789473684210527, 0.7368421052631579, 0.01930528192533265, -0.2473134800587094,                     0.03995073043524565, -0.2263968661294448, -0.17221252433871825, -0.2058720470899635
0.631578947368421, 0.7368421052631579, 0.018570004873099122, -0.2679801958537555,                     0.02831619141869046, -0.20781811308867543, -0.149913685362549, -0.20681956649187808
0.6842105263157895, 0.7368421052631579, 0.01759723012771741, -0.28793917159401294,                     0.01840113083709174, -0.18874866256268039, -0.12790587376222154, -0.20814149647034727
0.7368421052631579, 0.7368421052631579, 0.01645415139873363, -0.3071350125689439,                     0.010132904066762092, -0.16934363482947815, -0.10619855609933775, -0.2102177199106594
0.7894736842105263, 0.7368421052631579, 0.015204117914107362, -0.32552087734938495,                     0.003436623680121516, -0.14980714421471378, -0.08480474172265093, -0.21355841300129239
0.8421052631578947, 0.7368421052631579, 0.013909585685730086, -0.3430581078688927,                     -0.001516028463373017, -0.13038293419136934, -0.06376376449992306, -0.21899568394986507
0.8947368421052632, 0.7368421052631579, 0.012639748622368718, -0.3597137515860607,                     -0.004738151519769172, -0.11152672560599107, -0.04310175967194432, -0.22796680739932063
0.9473684210526315, 0.7368421052631579, 0.011484847290654687, -0.3754537144876581,                     -0.003388729851872652, -0.09198364703419319, -0.02190903393427763, -0.24302506920306893
1.0, 0.7368421052631579, 0.010579569554822088, -0.3902278700931293,                     -0.003289340905190469, -0.07861579222615694, -0.0038555589475941384, -0.2670352346529023
0.0, 0.7894736842105263, 0.0, 0.0,                     0.23757357305461174, -0.3727456059414653, -0.43113099604941385, 0.04932328700802964
0.05263157894736842, 0.7894736842105263, 0.004845292034981991, -0.02240644090550159,                     0.2157223521612546, -0.36025144512454016, -0.4035885215230678, -0.027616574180737808
0.10526315789473684, 0.7894736842105263, 0.009755945130861712, -0.046131227957792564,                     0.22611006237346717, -0.3581295311233064, -0.3935399296556641, -0.08929435568066392
0.15789473684210525, 0.7894736842105263, 0.014460359798182137, -0.07034724250240065,                     0.21794945936693144, -0.34192116237428066, -0.3640913023791032, -0.13887800362500854
0.21052631578947367, 0.7894736842105263, 0.018716482412832053, -0.09460598454406544,                     0.20436904803179212, -0.32472532211587646, -0.3337884749671769, -0.17353674406741446
0.2631578947368421, 0.7894736842105263, 0.02236680197448887, -0.1186792734416019,                     0.18509739977720205, -0.3071805992778322, -0.30346610687230136, -0.19664795796057669
0.3157894736842105, 0.7894736842105263, 0.02533493627137068, -0.1424469160300511,                     0.16322620837679855, -0.290525102207668, -0.2750316507298534, -0.21110565798854736
0.3684210526315789, 0.7894736842105263, 0.027606185650376147, -0.16583466024003535,                     0.14039481576579252, -0.2746004052294432, -0.2484968485174974, -0.21958971162189223
0.42105263157894735, 0.7894736842105263, 0.029208442008026525, -0.18878386947085546,                     0.11793335014611038, -0.25911055460711824, -0.22363960154199095, -0.2241763860576287
0.47368421052631576, 0.7894736842105263, 0.030197209025059235, -0.21123870646618048,                     0.09668629683587854, -0.24368584872468696, -0.20008033069859327, -0.22642279034749874
0.5263157894736842, 0.7894736842105263, 0.030644496377018493, -0.23314222670841578,                     0.07719280211767182, -0.2280301911187194, -0.17748343585139856, -0.22743950833136267
0.5789473684210527, 0.7894736842105263, 0.03063061180432003, -0.25443665746380395,                     0.059749207513329156, -0.21193745315813808, -0.15558379941276065, -0.22799127570065328
0.631578947368421, 0.7894736842105263, 0.03023806125974826, -0.2750654835281757,                     0.04447535168023696, -0.19529953626479393, -0.13419512800801744, -0.22859246425296584
0.6842105263157895, 0.7894736842105263, 0.029547113672090397, -0.2949762901290023,                     0.031362044344701585, -0.17810762490413234, -0.11320121124464813, -0.22960919579634875
0.7368421052631579, 0.7894736842105263, 0.028632933123762583, -0.3141240138328246,                     0.02032161982501686, -0.16047739765184402, -0.09256707508808985, -0.23137000933544696
0.7894736842105263, 0.7894736842105263, 0.02756457845558069, -0.3324745413384641,                     0.011241757585907496, -0.14265164775785083, -0.07232007867961839, -0.23433367562259483
0.8421052631578947, 0.7894736842105263, 0.026406749599806933, -0.35000853396532045,                     0.004145106803799442, -0.1251346333258326, -0.05267736629757803, -0.2392695146558756
0.8947368421052632, 0.7894736842105263, 0.025226083391708176, -0.3667248441484369,                     -0.0009462848774455006, -0.1085347241669524, -0.03378282857312739, -0.24766675366672572
0.9473684210526315, 0.7894736842105263, 0.0241051849917594, -0.38264168609817883,                     -0.001917737645565039, -0.0935240163850738, -0.0162163948875714, -0.26203905929461563
1.0, 0.7894736842105263, 0.023169190065168932, -0.397791667243424,                     -0.0026314028261068345, -0.08379914522093726, -0.0010154469885258637, -0.28677395139422907
0.0, 0.8421052631578947, 0.0, 0.0,                     0.3334906663771587, -0.3887185064884871, -0.47812638589857637, 0.06514654707450968
0.05263157894736842, 0.8421052631578947, 0.006976012778536961, -0.02471243987286731,                     0.3018355483827484, -0.36822018884718694, -0.4341475704423882, -0.04087759233588934
0.10526315789473684, 0.8421052631578947, 0.013935870987191956, -0.05042190482700304,                     0.30972318852336306, -0.3538835525399791, -0.4081403701251793, -0.11866397456215802
0.15789473684210525, 0.8421052631578947, 0.020432640417476777, -0.07607537614347515,                     0.2915613473713741, -0.32644562025564827, -0.3625396304321228, -0.17312925180061972
0.21052631578947367, 0.8421052631578947, 0.02616916144103998, -0.10129447982483775,                     0.26744614905815317, -0.30241042669029095, -0.32162636587865084, -0.20726349675142605
0.2631578947368421, 0.8421052631578947, 0.03101138279153781, -0.12597252555837302,                     0.2382398983577165, -0.28137602861722566, -0.2847350399712883, -0.22795461831493094
0.3157894736842105, 0.8421052631578947, 0.03493226561639684, -0.15009591657498278,                     0.20779289141809387, -0.26360113156018466, -0.2527440148807659, -0.23963465990087843
0.3684210526315789, 0.8421052631578947, 0.037966058514111445, -0.17367045293707184,                     0.1777003639846347, -0.2480792675491348, -0.2246100803430123, -0.2456787605965235
0.42105263157894735, 0.8421052631578947, 0.04018054892208156, -0.19669422052609864,                     0.14906275978977415, -0.23395172765360778, -0.19940762913448068, -0.24834320487449987
0.47368421052631576, 0.8421052631578947, 0.041661386000049705, -0.21915064903072012,                     0.12248364851260674, -0.2204759652376344, -0.17629911349388216, -0.24916074359968332
0.5263157894736842, 0.8421052631578947, 0.0425030357242594, -0.24100977789379086,                     0.09832384427370244, -0.20710664725310995, -0.15466349250335357, -0.2491475355337811
0.5789473684210527, 0.8421052631578947, 0.042803095928184653, -0.2622324718947566,                     0.07677931352590121, -0.19346338626114865, -0.13405820125061207, -0.24896627141891717
0.631578947368421, 0.8421052631578947, 0.04265828405824035, -0.28277546951694643,                     0.0579358893793902, -0.17931021208166611, -0.11418382118267047, -0.24904085992593167
0.6842105263157895, 0.8421052631578947, 0.042161328212622085, -0.3025966424891753,                     0.04179359368767056, -0.1645449041042763, -0.09485072736395717, -0.24965292555899687
0.7368421052631579, 0.8421052631578947, 0.04139851157847574, -0.32166058160501265,                     0.028284321911914843, -0.14922252705983338, -0.07597696949693256, -0.25103515789242997
0.7894736842105263, 0.8421052631578947, 0.040448007070051695, -0.33994499953621937,                     0.017288548806409693, -0.13358003643521765, -0.05757915202854229, -0.25351619524297686
0.8421052631578947, 0.8421052631578947, 0.03937965279691058, -0.3574485867093778,                     0.008712139208055287, -0.11825571510089146, -0.039969980069510094, -0.25763383144922014
0.8947368421052632, 0.8421052631578947, 0.03825782301088643, -0.37420076528604473,                     0.0024915951897431215, -0.10401678907678989, -0.023411421519735194, -0.26466695987348227
0.9473684210526315, 0.8421052631578947, 0.037151053963775715, -0.3902728428788792,                     -0.0003707059449610465, -0.09319693118307101, -0.009666293332995082, -0.27672223392602613
1.0, 0.8421052631578947, 0.03615576276002619, -0.40578751546951947,                     -0.0017348146818030841, -0.08713287182735466, 0.0018571594558211477, -0.29888789384266384
0.0, 0.8947368421052632, 0.0, 0.0,                     0.4601119955900053, -0.4339544376925395, -0.5784936631153543, 0.12012715235166346
0.05263157894736842, 0.8947368421052632, 0.009962967394177832, -0.028167756533234556,                     0.4132626871109767, -0.3787207326402981, -0.47481332786166014, -0.07569797352690068
0.10526315789473684, 0.8947368421052632, 0.019586944980563917, -0.056300911380732566,                     0.4091691417903428, -0.3406005566262105, -0.4168542308461149, -0.16758194100980306
0.15789473684210525, 0.8947368421052632, 0.028162006836756265, -0.08341807417118607,                     0.3721156124105603, -0.2987280192773178, -0.34943593190289324, -0.2209618735212541
0.21052631578947367, 0.8947368421052632, 0.03543954327060056, -0.1094632657948722,                     0.3314206886268815, -0.269009074316873, -0.29749296063779884, -0.24952484922391557
0.2631578947368421, 0.8947368421052632, 0.041415955252797676, -0.13457330111647303,                     0.2890173283499028, -0.24658300528352026, -0.25554743929500484, -0.26392463375705966
0.3157894736842105, 0.8947368421052632, 0.04617968909688158, -0.15888980771285677,                     0.24855845405777047, -0.2296081323145166, -0.2217973123315186, -0.27037061059174494
0.3684210526315789, 0.8947368421052632, 0.04984762240420426, -0.182512928776297,                     0.21067970957180865, -0.21593382043880363, -0.1935577260877546, -0.2724612994410776
0.42105263157894735, 0.8947368421052632, 0.05254238094344754, -0.2054977435923787,                     0.17578011357038079, -0.2041710683908, -0.16910840376287753, -0.27228292654123737
0.47368421052631576, 0.8947368421052632, 0.05438535941744643, -0.22786268031899515,                     0.14394607575180354, -0.19332201909456356, -0.1472167070030211, -0.27110114310496636
0.5263157894736842, 0.8947368421052632, 0.05549500207973579, -0.2495999799514954,                     0.11523333364958839, -0.1827190732909151, -0.12709361573739078, -0.26968501538739686
0.5789473684210527, 0.8947368421052632, 0.055986375110189335, -0.2706853140165276,                     0.08969082403590116, -0.17191351539985422, -0.1082340356426753, -0.26850611837695054
0.631578947368421, 0.8947368421052632, 0.05597066911657678, -0.29108609984818046,                     0.06737575815598786, -0.16062014114050727, -0.09032343852492138, -0.26784741894790653
0.6842105263157895, 0.8947368421052632, 0.055554245774401934, -0.31076893772564007,                     0.0483402786235353, -0.14869123935633763, -0.0731728507742515, -0.2678774054249867
0.7368421052631579, 0.8947368421052632, 0.054837159692378123, -0.32970698223998085,                     0.03260902916995868, -0.13613116997799318, -0.05669481645926177, -0.26871368072126883
0.7894736842105263, 0.8947368421052632, 0.05391117511128973, -0.3478883413866921,                     0.020146744948996907, -0.12314669717602543, -0.04091025658731638, -0.27050972948603164
0.8421052631578947, 0.8947368421052632, 0.05285740280389217, -0.3653269098581664,                     0.010838488405299884, -0.11036522994067802, -0.026126583702722566, -0.2735238368506289
0.8947368421052632, 0.8947368421052632, 0.051744127938280315, -0.3820773793747453,                     0.0043951453800852025, -0.09867580684143189, -0.012649122491687084, -0.27867356163892565
0.9473684210526315, 0.8947368421052632, 0.05062712940167757, -0.3982560838795577,                     0.0007933318420808617, -0.09130108484001624, -0.0029322155837946365, -0.28694800484887406
1.0, 0.8947368421052632, 0.04955918633822343, -0.4140677189258477,                     -0.0007892689945025909, -0.08843635801753207, 0.0041972235006681085, -0.30297298248152743
0.0, 0.9473684210526315, 0.0, 0.0,                     0.7157121912675912, -0.4405621646750995, -0.6965345837319157, 0.0751185963162894
0.05263157894736842, 0.9473684210526315, 0.014708924790548361, -0.03383066029559101,                     0.5666064166275697, -0.3418727698362771, -0.4746072668786572, -0.18239699858677957
0.10526315789473684, 0.9473684210526315, 0.027807865293568795, -0.06461692804192498,                     0.5351481403809384, -0.2799817896088978, -0.3877601016627423, -0.2441436424518466
0.15789473684210525, 0.9473684210526315, 0.038556424261884104, -0.09289154492494278,                     0.45842171012400895, -0.23513655213306892, -0.3014585724753396, -0.2848144098737705
0.21052631578947367, 0.9473684210526315, 0.04719521201212418, -0.11939036126266422,                     0.39313475592532454, -0.2097463012042932, -0.2466286841323498, -0.29768688803356597
0.2631578947368421, 0.9473684210526315, 0.05406157105158482, -0.1446180327342148,                     0.3355412965542022, -0.19266957842727556, -0.20603683769466777, -0.301352518961098
0.3157894736842105, 0.9473684210526315, 0.05943383971262595, -0.16888762657289436,                     0.2848628806285475, -0.1808305882322861, -0.17493190490131816, -0.300468039720312
0.3684210526315789, 0.9473684210526315, 0.06352955354576856, -0.19238040658719824,                     0.23967422199163438, -0.17177737856392897, -0.14952737750264045, -0.2976290153123684
0.42105263157894735, 0.9473684210526315, 0.0665243979062286, -0.2151911035958508,                     0.19898523890492392, -0.16420527289961634, -0.12776373599344287, -0.29411474645832153
0.47368421052631576, 0.9473684210526315, 0.0685683768885737, -0.23735874445011151,                     0.16217270752971, -0.15729284545815148, -0.10844607656281885, -0.2905933907761583
0.5263157894736842, 0.9473684210526315, 0.06979659121200099, -0.25888749265322886,                     0.1289306328209677, -0.15053079074638412, -0.09091720174713702, -0.28744975384479965
0.5789473684210527, 0.9473684210526315, 0.0703357095112902, -0.27976119083203155,                     0.09917552181326629, -0.14359274299024785, -0.07482704854854157, -0.2849181451747979
0.631578947368421, 0.9473684210526315, 0.07030746853488956, -0.29995413197512566,                     0.07298628228300105, -0.1362735050223816, -0.060001138513671254, -0.2831469315958725
0.6842105263157895, 0.9473684210526315, 0.06983015397987247, -0.3194398474055854,                     0.0505507339736755, -0.12846003348123586, -0.04635620486070941, -0.2822326108512881
0.7368421052631579, 0.9473684210526315, 0.06901855888087205, -0.3381993852600419,                     0.03211408416432336, -0.12013351505863004, -0.03385319936973305, -0.28224183012190635
0.7894736842105263, 0.9473684210526315, 0.06798245473850961, -0.35623057216059617,                     0.01791308564111194, -0.11141257961779615, -0.022492301959685428, -0.28322574585677707
0.8421052631578947, 0.9473684210526315, 0.06682308124653058, -0.37356006759588356,                     0.008070505845822395, -0.10267102300588592, -0.012376577739727633, -0.28523098322612056
0.8947368421052632, 0.9473684210526315, 0.06562646214844159, -0.3902606863492225,                     0.0024048805585257568, -0.09459308420009045, -0.0036932263865516552, -0.2884099441581851
0.9473684210526315, 0.9473684210526315, 0.06445153649451008, -0.40647760829236335,                     0.0004027972025222867, -0.08988233530943475, 0.0014620426813512686, -0.29217198126824057
1.0, 0.9473684210526315, 0.06331382503949978, -0.42246676180907994,                     -0.00034813149437805884, -0.08859625993115912, 0.004887662160008426, -0.30034913768763677
0.0, 1.0, 0.0, 0.0,                     1.0627020852540807, -0.5336216569057417, -1.0346283142488484, 0.4229485646830987
0.05263157894736842, 1.0, 0.024078515251710703, -0.04410326335184056,                     0.7613487212047653, -0.3587566244560823, -0.5860568025102719, -0.16758171339385822
0.10526315789473684, 1.0, 0.0407796325675282, -0.07655587322238755,                     0.6344321369251322, -0.2297899270234386, -0.3548099954475597, -0.3329304652017629
0.15789473684210525, 1.0, 0.0529002268993935, -0.10495443574249608,                     0.5000514253090494, -0.18641204483060655, -0.24928767306862787, -0.35007142957522863
0.21052631578947367, 1.0, 0.06216966627483794, -0.13120871711155246,                     0.4216831115401148, -0.16741360976363262, -0.19914131594086215, -0.3449662872436094
0.2631578947368421, 1.0, 0.06939029508827405, -0.15611244750027198,                     0.3551119754425566, -0.15616784750302995, -0.16362646188846164, -0.3374018815365615
0.3157894736842105, 1.0, 0.07499076155317208, -0.18005333674986956,                     0.2999474376475501, -0.14897886781800926, -0.137432408526261, -0.3291511582330909
0.3684210526315789, 1.0, 0.07923688703165777, -0.20322790520822054,                     0.25129914202974185, -0.1433041082058975, -0.115304465350805, -0.32183971992505733
0.42105263157894735, 1.0, 0.08231757142034257, -0.22573036442283967,                     0.2075072089327868, -0.13833749967274642, -0.09572620069047108, -0.31546290985973474
0.47368421052631576, 1.0, 0.08438412942938628, -0.2475964764676346,                     0.16756511859105205, -0.13356053357866715, -0.07786412591586864, -0.3100006802260435
0.5263157894736842, 1.0, 0.08556992789696327, -0.2688283235800213,                     0.1310744554931486, -0.1287157765139363, -0.06143511649192049, -0.30539727718530757
0.5789473684210527, 1.0, 0.0860007411017637, -0.2894100048135855,                     0.09799097033824974, -0.12365901780851757, -0.04640294328948217, -0.3016126382811711
0.631578947368421, 1.0, 0.08580038062390483, -0.3093187362046368,                     0.06853666162797405, -0.11832748444301389, -0.03287472990389532, -0.29861763228872285
0.6842105263157895, 1.0, 0.08509376741333452, -0.32853374487634346,                     0.04313696901148929, -0.11272143917544086, -0.021025891351622746, -0.2963877267139451
0.7368421052631579, 1.0, 0.0840084297808561, -0.347044587882426,                     0.02237460524751781, -0.10690897003236041, -0.01105491107613784, -0.29489632056028703
0.7894736842105263, 1.0, 0.08267456945359164, -0.36486035489639257,                     0.00692128580695613, -0.10105505334941159, -0.0031580922412254484, -0.29410678039954863
0.8421052631578947, 1.0, 0.08122283795114527, -0.3820213492795431,                     -0.002608979004975826, -0.0954747067732222, 0.0024879688501088008, -0.2939700011258567
0.8947368421052632, 1.0, 0.07977718015576607, -0.3986151301584566,                     -0.005971046794029847, -0.0908067710538988, 0.005639136201925081, -0.2943584348044941
0.9473684210526315, 1.0, 0.07843610402505863, -0.4147990916800348,                     -0.004147204893167944, -0.08841333197247839, 0.005826017401994037, -0.29504993267984214
1.0, 1.0, 0.07722425548775358, -0.43083366487030905,                     -0.001541816051535436, -0.08864142081677852, 0.004719695025944674, -0.2969068131897606
